3.695582 7.003117 -4.014423
6.351045 7.935956 0.632757
12.558906 9.976153 2.085978
7.566351 12.535486 11.233965
9.624452 7.198175 9.223452
6.245029 0.379539 -0.215220
-9.253567 3.642517 -3.049597
3.695879 10.935604 13.365815
7.404654 15.595839 11.359165
3.299688 8.858283 13.500040
12.366475 9.981379 3.448625
-2.197523 16.884763 7.825049
8.104688 18.004879 10.787520
11.851728 3.344429 -3.277525
4.345999 1.340735 -3.532655
1.967703 2.889922 -4.713624
-0.125799 7.121058 -10.983401
4.184758 0.911212 -10.574468
-0.281340 2.483049 -10.966317
-8.269681 15.987310 3.589813
-7.596238 8.791990 4.599680
-7.951988 6.710656 4.103577
12.558309 13.524380 2.092863
-7.947743 16.612202 -6.213497
-8.631936 0.156642 -4.937625
2.982953 0.619594 -4.391783
-4.904177 12.411056 6.907477
5.623793 13.070313 -1.944124
2.945129 20.449896 6.840339
2.189900 19.868968 -10.976176
8.225930 16.858565 -8.417501
1.461589 1.978015 7.521352
8.054145 2.193867 10.831477
-9.411359 2.283435 -2.112891
1.410797 19.618373 7.538083
-4.331193 9.524248 7.192603
-8.201922 2.163393 -5.789540
1.576152 1.429841 -4.777772
-3.305560 13.395288 7.575646
-2.743885 17.841566 -10.380638
9.818085 6.650122 -6.827623
3.446301 17.764236 6.511416
10.849538 20.847617 -5.371955
6.236982 17.981491 -0.255648
1.246784 18.884574 -11.037861
-9.441093 7.926381 -1.823417
1.206219 11.914837 -4.809173
3.205817 13.029378 13.529902
-9.355491 13.941118 -2.513449
4.068121 0.552243 -3.756948
12.579351 12.087986 0.179383
-5.056594 6.716439 -9.193932
1.385301 5.871681 7.546332
-2.365741 2.951324 -10.511259
8.474620 3.539932 10.451840
-6.580161 6.899711 -7.927742
2.931567 10.905541 -10.870634
-1.906525 14.593953 -10.649101
-8.976159 18.349784 2.028533
-5.536809 16.474003 6.525086
10.564346 12.795549 -5.822542
2.291341 1.501513 13.783274
12.576022 19.619803 1.865554
-1.288808 4.046317 7.911180
5.550980 6.782289 -10.070815
-9.377158 5.022191 -2.372167
-9.373263 20.085916 -2.398632
6.330258 7.442275 0.364909
-5.335778 5.054532 -8.997044
-6.627061 20.721985 5.663788
-9.049319 5.221956 1.806064
6.350986 2.041553 1.345618
11.059186 15.191514 7.089433
9.792924 0.983190 9.014757
5.227474 6.031589 -2.571995
12.358290 5.500532 3.489876
-8.238127 16.895298 3.644473
5.713615 1.790053 -1.772806
-4.584355 7.287217 7.073349
2.246686 14.504829 7.209975
1.707377 6.919815 -11.017809
3.493306 17.886752 -10.756562
8.580155 9.184296 10.351350
-2.948706 12.105659 -10.303184
-5.602022 1.732011 -8.796051
1.027465 4.130206 -4.814236
-8.438332 6.408598 -5.346535
2.774658 2.394792 -4.477124
5.546985 4.762468 12.549758
12.565116 4.856598 2.011578
5.478569 15.241381 -2.195359
12.468360 10.535066 -0.856773
1.646409 14.660539 -11.021566
1.381135 19.255938 7.547670
5.855743 10.202094 3.499772
-0.579401 15.642570 -10.927250
-9.461760 0.600908 -1.537526
4.868787 13.396897 12.886865
11.638094 11.089295 -3.820599
11.301926 18.470579 -4.550454
-6.714839 13.016892 5.580964
6.334433 14.742065 1.570481
3.094555 0.020338 -4.341656
-9.471603 7.742996 -0.666313
-3.167038 0.292069 -10.215265
12.185620 14.255743 4.236130
2.735038 5.616742 -10.903548
9.698695 5.482272 9.132544
-9.156102 17.737710 1.440525
-9.164334 11.534860 -3.421059
0.729682 19.267860 -4.807950
5.212058 5.599774 -2.593161
-7.436606 17.362357 -6.946205
6.150985 18.036031 -0.622200
12.328477 0.094020 3.634514
0.864543 14.300647 -4.813087
1.746456 1.493610 -11.015224
4.672442 6.261889 -10.417331
6.443808 10.803605 -9.628002
12.597257 17.765558 1.464696
12.207610 5.543421 4.151357
-9.461363 14.249480 -0.445783
6.139716 17.804255 -0.663771
5.540068 8.168251 -2.092456
-6.352051 13.900297 -8.150710
5.206447 20.845168 -10.216754
0.257634 3.567985 14.116568
-2.938165 14.399208 -10.307288
4.376018 19.867833 5.718571
6.127302 8.455355 -0.708279
-8.842352 0.361075 -4.427830
12.583565 2.667580 0.246870
0.821851 16.716139 7.703992
2.609197 8.927685 -4.537551
1.650420 9.696430 7.455641
-0.943493 5.084545 -10.868102
2.274447 12.182913 7.197049
1.146988 3.899461 7.618700
5.819330 1.544908 3.585879
1.258470 5.361392 13.990975
5.079835 11.173871 12.786941
2.585999 11.987512 -4.545515
12.304548 0.277442 -1.735097
3.200537 13.726044 -4.291112
0.257108 7.275941 -11.015910
6.030525 2.720131 3.029528
4.628623 0.574243 -3.271299
-9.161637 10.665522 -3.431367
-8.811159 10.236399 -4.508763
-8.954471 10.897317 2.091013
11.937392 10.697815 -3.035731
-9.452473 1.751580 -1.680907
2.080100 19.055395 -4.689248
5.072681 15.934715 -2.775805
2.842717 15.576031 6.900619
4.586192 0.384349 13.013888
3.338189 10.230746 13.487579
2.888796 17.008702 -4.431665
4.788043 12.308154 -3.106701
0.929043 5.961967 -4.814201
3.851835 0.391750 -3.912015
-6.523829 11.009414 -7.984103
-8.246377 18.226617 3.630268
3.415199 11.319393 6.533577
12.392168 20.904146 3.314218
12.097052 14.361552 -2.534981
-6.666246 6.616582 -7.839894
11.350131 9.130225 -4.453206
-7.913853 19.508122 -6.266619
-3.126182 15.462596 7.627160
12.228612 2.527050 4.068084
12.010134 3.408372 -2.816693
-9.434962 16.645919 -0.101213
6.345528 9.234781 0.545383
5.528363 19.275110 4.179666
5.257880 3.001541 -10.195808
-9.420426 2.457631 -2.033254
-6.422841 12.938358 5.847843
12.272120 18.259373 -1.875988
1.039658 15.030928 7.648545
7.408327 10.029307 -9.033095
-0.530707 12.559257 -10.934204
6.339111 12.620011 1.516715
8.614371 4.161733 -8.082978
5.117115 20.283454 -10.252444
11.432936 10.915489 -4.280847
12.543247 3.875556 -0.257047
5.693951 14.572413 -1.811499
3.884880 1.857004 13.297030
11.898677 15.375130 -3.147001
3.102736 7.807153 -4.337857
6.238804 10.593228 2.235641
9.484231 16.094335 -7.214063
0.105640 13.466827 -11.004667
-1.902054 14.457584 -10.650335
0.519914 15.382327 -4.792335
5.412864 13.227492 -10.130917
-6.771549 13.809224 5.526210
11.329775 9.600434 6.558451
5.111630 8.047640 -10.254607
11.886714 16.541958 -3.180704
11.702137 15.910204 -3.665586
9.671836 4.967037 9.165621
-1.443216 17.770001 -10.766013
6.200912 10.519541 -0.421914
-4.656900 17.035523 7.037244
-8.453106 3.654016 -5.316963
-7.653913 3.397281 -6.651432
4.742017 9.330155 5.318949
5.287206 3.287188 12.684423
-2.433267 11.894722 -10.489088
1.525950 14.420140 -4.783689
1.935259 13.334957 -4.720161
6.357871 10.841275 1.187969
1.086542 17.576212 -4.813292
12.563571 2.365424 -0.034575
-3.736677 17.881578 -9.958652
-8.122792 2.779867 3.837051
2.590390 8.925694 -4.544017
-0.799579 20.982243 -10.892996
-6.323904 11.679344 -8.177280
4.901465 12.265170 -10.335038
0.577535 16.193451 -11.032768
6.400009 19.696669 -9.652017
2.068258 0.059535 -4.691943
-9.419247 2.300229 0.050805
6.514645 19.743555 -9.588637
-3.139446 5.860019 -10.226686
12.235668 19.163366 4.039571
6.401324 4.337077 -9.651300
5.751482 7.167210 -1.696233
-0.948644 7.550038 -10.867173
-0.933072 6.591990 7.916506
-6.225415 20.429465 6.015012
-9.475268 8.426650 -1.190571
6.767249 4.665087 -9.442883
3.996568 3.002538 13.254910
4.261691 12.198999 -3.603893
10.095931 12.418088 8.616323
4.060792 7.951762 13.230189
1.758459 2.239442 -11.014403
-1.435458 3.248493 7.904343
4.718733 10.842479 -10.401142
-8.380178 1.486630 3.391033
-3.191305 9.018583 7.608969
9.908147 5.735238 8.866904
2.966111 3.166565 -4.399077
-8.569427 8.536245 -5.075014
11.781199 8.990474 -3.465392
6.354371 0.396490 1.278988
-9.379142 20.544049 -2.358492
-0.744540 11.535668 7.912847
-6.758012 7.991377 -7.743879
-1.835833 9.957955 -10.668357
2.040440 9.423964 -4.698157
-1.715498 3.798348 7.883754
3.050579 15.246275 6.775916
-2.063786 0.206187 7.844303
-1.673016 7.859875 7.887514
4.986711 1.171195 12.831574
-8.485496 13.624586 3.189742
0.351652 12.064769 -11.021860
-6.294937 4.642414 5.957301
2.237465 17.417779 -4.650567
-9.363664 0.322779 0.464716
2.485891 4.250365 7.093983
-7.991642 18.161805 4.043532
2.024497 13.314913 -10.992832
-3.957464 8.501925 -9.848059
1.934778 7.720189 13.864159
5.270945 5.931597 -2.511198
-2.702134 12.179927 7.731617
10.041257 20.389507 -6.549443
1.816478 0.845363 -4.742201
2.727044 17.131295 -10.904811
-0.120939 19.664842 7.868421
-9.460272 16.179501 -1.562937
12.602991 10.578840 1.269218
-0.103041 5.040204 7.866405
-7.278209 13.899057 -7.147785
-9.470078 17.678081 -0.625013
-9.261005 7.292780 -3.015415
-4.771292 1.121451 6.978516
0.339627 20.327040 7.803097
-5.817956 6.466531 -8.622843
5.988948 18.736567 3.151675
0.314281 15.346332 -11.019606
6.360764 14.089116 1.043411
-9.306699 10.610369 0.789622
-9.135655 12.183750 1.515064
6.216467 1.829182 2.344284
5.897523 5.461503 -9.910342
5.217961 19.449776 12.719141
-8.425036 9.934196 3.306805
6.245044 13.814893 -0.215145
-7.148320 12.658385 -7.305580
-9.320056 11.064823 0.719197
5.352961 11.408742 12.651001
6.025092 0.491837 3.045937
-6.039506 6.197183 6.163431
5.671190 19.789578 -1.855430
-0.584581 16.365984 -10.926497
6.209754 12.313675 -0.383143
-9.461347 18.907489 -0.445496
-0.921557 12.450714 -10.872025
1.905674 7.288930 7.357768
-8.208116 19.398309 3.695650
6.042393 14.717193 -0.983263
10.765921 13.720105 -5.508704
5.961386 13.194892 3.228655
5.165128 7.951170 4.766660
1.440620 10.479633 -11.031761
-8.382151 20.529743 -5.456803
4.023347 19.653806 -3.790379
-1.885196 16.209686 -10.654966
4.041741 8.045363 6.035631
-3.848719 1.133090 -9.903336
1.542226 8.215215 -4.781828
0.915177 16.216229 -11.040412
6.158894 4.896173 -0.592306
0.427265 15.042915 -4.782445
3.771599 14.389813 -3.965569
5.674772 5.248008 -10.015096
10.680419 3.104083 -5.644446
5.993349 13.255834 3.139102
-1.503698 8.682058 -10.751983
6.053099 11.357650 -0.951000
2.490988 19.251413 -10.939440
-3.968325 1.100003 7.345937
6.216344 19.551361 2.344855
6.284891 12.032997 0.010778
1.941037 18.357761 -4.719013
-9.476584 12.888613 -1.110611
4.080324 16.261971 6.001070
-8.806349 13.078107 2.483674
-9.163489 14.375368 -3.424296
8.893868 11.690956 10.039220
-7.653714 0.638329 -6.651711
0.495439 12.792929 -11.029342
-9.378834 20.525633 0.364633
8.688516 8.256990 10.245857
6.266921 3.005214 2.083291
2.247342 1.099791 -4.647960
6.092425 14.124953 -0.826897
7.333059 16.019140 11.413364
7.900239 5.580718 -8.676260
-7.911427 1.254993 -6.270394
3.705992 15.789949 -10.705522
6.113938 3.565234 -0.754790
-7.315415 18.035968 4.945604
-4.004020 6.266609 7.331746
-5.027620 1.782471 -9.213592
-8.370470 15.328330 3.408981
10.699755 9.719613 7.714902
-4.936121 16.077484 6.889941
7.803954 14.264841 11.042715
-9.121388 11.832892 1.565677
8.760146 8.825782 -7.949566
12.462490 7.440852 2.896978
-8.810299 3.738226 -4.510963
-9.235685 14.855982 1.123304
4.569913 15.761352 -10.452392
2.764901 11.401325 -10.898778
6.330859 17.935163 1.608416
-4.954142 14.988447 6.879968
11.042158 12.621235 7.120942
5.656682 12.590067 -1.882969
4.067521 9.909053 6.012594
11.060555 12.483731 -5.007407
0.838471 19.807575 -11.039584
11.073912 6.735851 -4.983310
-2.528909 18.489383 7.767424
12.597595 5.414528 1.455500
-9.319729 2.604691 0.720958
9.271433 9.120130 9.634488
10.615562 12.655687 -5.744806
12.237387 15.595735 -2.019146
0.607398 16.820284 14.080963
-3.887419 9.028137 7.377397
4.282299 1.792469 13.142081
6.327440 16.168525 0.337121
10.864480 15.076321 -5.347081
-6.662398 3.817102 5.630723
2.714888 3.348427 6.972803
1.247285 5.734952 -4.807079
9.081821 12.587793 -7.638585
-0.325643 17.391096 -10.961038
-3.954554 12.656586 7.351361
-8.253844 6.221137 -5.696727
1.609116 18.165244 13.929525
-7.721752 11.801198 -6.554631
-9.439848 1.017122 -0.154156
3.118318 4.008862 6.733236
6.337851 16.894085 1.531724
-7.377296 16.146972 4.872402
3.105669 20.241933 -4.336491
12.312958 15.891349 3.706649
11.737574 18.110060 -3.577127
-9.226525 7.064496 1.162375
-1.658791 13.896649 7.888722
3.503797 16.422446 -4.129886
5.820927 8.348351 3.582173
0.840161 12.394038 -4.812440
-7.958537 13.287550 4.093734
4.799499 8.721906 -3.094343
12.403840 14.262754 -1.245939
9.450813 19.971619 9.429859
-9.424463 20.476774 -1.995743
2.312682 12.415285 -10.962198
1.453213 2.037852 7.524139
-7.771297 8.792702 4.364567
1.857935 4.471152 -4.734845
11.462464 6.944849 -4.217656
7.413540 3.832994 -9.029515
0.015312 1.029210 -4.715611
-9.176097 12.302907 -3.375561
-8.963100 0.928126 -4.092172
6.172579 18.383279 2.535076
5.634777 1.566488 -10.033290
5.440674 9.633085 4.333900
-9.399207 3.567444 0.216868
-9.456189 4.504666 -1.627456
4.142965 0.910820 -3.699444
-8.269924 15.588770 -5.667506
2.322084 11.299823 7.174545
-0.195866 18.707649 -10.975984
11.732048 3.573837 -3.591054
2.995090 16.578187 13.594282
-0.936061 19.704731 7.916528
5.395331 6.905238 -2.327424
10.105905 10.243806 8.602662
-6.918709 17.399684 5.379355
5.996505 4.013232 3.130037
12.423910 20.255594 -1.132776
11.523762 10.605144 6.136232
12.538179 2.543190 2.303903
0.418823 11.186582 14.101256
-7.946603 10.488785 4.111651
6.340932 11.753924 1.494248
6.247143 10.182229 2.192507
1.533376 17.541018 7.497028
-4.410060 16.966842 -9.600515
6.360379 0.978938 1.077339
6.359867 20.547569 1.108519
0.720410 20.653326 -4.807457
5.534188 15.106620 4.169082
-0.315228 2.190334 7.887629
-9.274868 10.559285 -2.950056
2.965420 3.262962 -4.399375
10.584002 18.604603 -5.792862
12.579127 6.158721 0.175954
11.529350 13.115455 -4.070906
8.351465 9.089980 10.566393
5.388682 8.469522 4.421183
12.235499 17.530169 4.040255
2.739059 15.450661 6.959409
5.894546 3.641268 -9.911780
-8.916949 19.299601 -4.225032
4.190233 18.518630 -10.572838
-8.277454 0.309636 -5.653742
-8.718317 6.105912 2.694057
5.483409 20.588704 12.583367
-5.911558 11.175990 -8.544756
-5.980681 15.761433 -8.485874
-3.015283 18.075695 -10.276967
3.974354 0.269507 6.094811
5.787460 0.278978 12.418715
11.891623 18.094537 5.199220
3.702725 15.591939 6.319020
5.441406 13.815018 -2.255296
4.429107 19.889538 -3.459528
-1.452767 9.638667 7.903357
11.889482 15.635338 -3.172933
4.758531 8.772512 -3.138200
-2.106741 19.584068 -10.591745
11.279086 1.241459 -4.595782
12.284691 20.935830 3.833142
-8.113074 1.548569 3.852789
-2.358294 18.522574 7.798866
3.244869 18.465700 -4.269100
4.832214 17.489319 12.903737
-6.432112 4.356506 -8.074024
6.205125 19.098800 -0.403589
5.598241 1.126284 -10.049750
-2.201880 4.150858 -10.563012
4.591751 20.660947 -10.445016
-2.789006 12.215123 7.712173
2.979456 19.913448 -10.862068
6.072827 10.480020 2.896541
4.831697 5.569189 5.211019
2.569448 12.696875 -4.551121
0.724870 1.060884 7.726512
10.644331 15.902219 7.804685
1.174581 13.529914 14.004319
12.156492 10.658876 -2.327119
-6.621640 20.853516 5.668828
3.103458 5.710441 -4.337521
-1.629137 11.218539 7.891159
12.564569 14.082917 2.018346
11.183442 13.240571 -4.780659
1.097367 3.177867 7.632707
11.047397 7.083980 7.111269
8.206025 1.176514 -8.433863
4.013160 4.230624 -3.797886
-9.436315 16.042670 -1.876400
0.824627 3.443005 -4.811964
5.672634 15.259558 3.903421
-4.616347 4.565527 -9.477869
11.180423 8.297443 6.858888
1.560957 19.338086 13.938510
-0.520916 11.047777 7.902653
0.487598 16.178662 14.094153
4.558048 8.294862 5.527474
-5.039288 14.723537 6.832065
6.342993 19.332197 1.467556
-2.247898 0.209407 7.817203
-5.999356 10.391602 -8.469784
0.503747 8.803024 -4.790742
2.047413 2.580172 7.298768
1.486180 1.028149 -4.788007
-9.413588 8.175473 0.100312
4.639918 11.289894 -3.260074
-8.603343 13.969494 2.948592
12.391944 15.411417 -1.310291
3.781418 18.095366 -3.959126
-5.693693 19.461848 -8.723674
0.695195 12.245416 -4.806023
6.183861 17.249390 -0.493619
0.432703 5.047315 -4.783076
12.129986 0.203900 4.440771
5.514709 5.650000 -2.135471
12.323953 7.121532 -1.646976
4.335968 11.420365 -3.541283
-8.464766 8.041622 3.230356
0.273370 19.048221 -11.016992
2.963499 17.613245 13.603619
-5.762243 20.104015 6.369730
6.263800 12.310822 2.101247
12.236369 19.428257 -2.023233
-7.728085 5.798504 4.424131
0.187807 9.710298 -4.748209
-9.361916 4.861318 0.475796
12.229361 16.722056 4.065072
5.951979 8.830183 3.254268
11.174296 12.693678 6.870810
5.968929 0.672249 -9.875517
12.568931 2.766541 0.032720
1.713732 5.691196 -11.017398
7.098082 6.481072 11.586094
1.842733 14.464576 7.382890
1.031442 18.048767 7.650760
-9.149400 6.294918 1.465228
3.275695 10.184182 6.630020
1.188053 15.410337 -11.039038
-6.592397 17.332868 5.695866
9.409045 17.253005 -7.296620
3.098633 0.333477 6.745746
11.384842 0.725303 6.442561
9.330501 10.080883 9.568033
6.092023 19.804272 -0.828213
1.644636 6.314036 13.922786
-8.433842 18.536579 3.290014
-8.816247 6.262955 -4.495704
-5.143120 4.816325 -9.134369
-7.789603 17.320302 4.339015
12.468330 6.617541 -0.856978
12.550558 15.603242 2.178621
5.842762 12.776989 -1.499143
1.436622 7.022681 -4.792930
-5.009115 3.321147 6.849189
6.360124 14.577805 1.093998
-9.308508 17.489180 -2.781220
11.454909 14.982315 6.290687
12.389171 9.577598 -1.325026
2.734920 5.763682 -10.903566
1.756962 16.921778 7.416076
5.545549 9.395199 -2.083046
4.408313 20.745194 -3.478103
6.098113 2.211482 2.812078
0.518347 4.511882 7.770099
6.297882 13.203979 1.885545
10.089645 19.104199 8.624914
1.993491 17.294225 -4.708269
0.875572 2.129164 -4.813339
6.012062 6.113942 3.084726
-8.633950 9.340666 -4.933105
1.383453 12.859357 -4.797649
1.533227 5.963445 7.497079
8.708198 7.714062 10.226438
9.044868 13.952271 -7.675526
7.811646 6.784302 11.036374
4.640725 3.579946 5.435799
-9.419788 17.419576 0.045952
1.298741 9.857421 7.573602
4.974609 2.971918 5.029484
4.330959 7.908396 5.763748
12.216988 20.237776 -2.099929
11.022258 17.675405 7.157509
2.949898 11.763434 6.837477
-6.583241 4.312648 5.704280
10.465021 3.374609 -5.969666
6.148127 4.471268 2.631455
-6.487698 10.376814 -8.019795
-6.245784 18.527987 -8.249988
0.863881 11.543666 -4.813071
6.030912 13.710728 -1.017202
0.945092 3.146639 -4.814344
5.910178 1.422804 3.364404
-5.067062 10.519456 -9.186794
0.431791 12.845327 7.786623
6.142404 7.061876 2.653172
1.644161 9.027349 -4.768924
6.220670 8.907161 2.324534
11.616245 15.086139 -3.872138
5.052251 20.122132 4.925459
6.118441 20.029046 -9.800604
3.558146 18.731832 -4.098270
-3.194428 6.448741 7.608082
-1.883833 1.846518 7.866609
3.149514 14.420146 -4.315808
12.360939 19.640262 3.476607
4.829675 14.166652 5.213501
6.206808 4.436245 2.388583
1.381161 17.883649 -4.797840
-0.571586 4.544121 7.905522
4.457684 4.216466 5.634589
6.335915 11.893628 1.553998
10.528204 12.895455 -5.876622
4.229343 8.723156 -10.561106
12.601929 15.184070 1.314619
5.790502 18.916386 -1.614282
9.242960 12.923447 -7.473605
-8.475264 10.401837 3.209852
2.630650 7.016762 -4.530076
-9.476705 16.619144 -0.888835
10.612607 20.612131 7.855361
9.270924 13.297076 9.635057
5.472747 9.148803 12.588962
3.236121 2.991589 -4.273484
-8.399104 10.552344 -5.423884
-9.464834 15.928899 -1.480821
10.155767 3.581780 8.533814
-8.662732 1.902567 -4.867826
9.590612 16.014640 9.264349
6.187708 20.045025 2.472177
11.238328 0.544808 -4.675518
2.208122 11.738816 7.227703
-9.309609 15.898089 0.774528
1.871843 5.021636 7.371352
-8.614874 4.888091 -4.975680
-0.533848 11.672956 7.903416
4.924817 17.097759 -2.954124
-4.011350 16.940762 -9.820080
1.489564 15.153274 7.511968
3.372734 15.471695 -10.783567
4.168242 0.709393 -3.679553
5.678782 8.601695 -1.840877
10.343801 14.591313 -6.143095
-9.438721 16.339035 -1.850132
2.652402 7.360960 7.006887
3.505902 10.180958 -4.128678
11.703553 17.121176 5.704847
4.923646 20.621182 -2.955479
-6.001012 17.964008 6.193124
8.792707 7.594582 10.142138
-9.348698 7.928786 0.556947
-5.221570 20.653549 -9.079245
6.360858 5.282595 0.945100
-2.875881 20.301529 -10.331274
11.598986 18.526140 -3.912393
12.493371 6.223903 -0.680985
7.466742 3.390626 11.311553
7.017651 5.821512 -9.289837
-3.138680 6.499263 7.623714
2.320718 17.580918 7.175196
-9.476846 9.538208 -1.086687
-5.129332 1.876138 6.779978
3.253455 7.325037 13.514839
9.000446 4.057048 9.928347
1.462861 12.520090 13.956274
-7.427762 13.199331 -6.957740
11.501002 20.908240 6.187889
6.078126 0.134073 -0.873101
6.349441 19.982381 0.605268
3.657690 6.552712 6.354102
3.272979 19.115144 -10.804862
-7.287278 13.582905 -7.136523
4.075637 0.436747 -10.606332
2.948386 2.724189 -10.867649
-5.840757 9.768685 -8.603993
5.878668 18.405798 -1.416043
11.657192 14.875883 5.820353
3.410752 10.223242 6.536725
4.309574 14.803186 5.784908
0.752888 3.676269 -4.809106
-9.476436 10.473489 -1.122093
6.304503 18.346794 0.144926
1.694251 15.382876 -11.018647
-3.514211 0.048637 7.510108
11.334300 15.451672 6.549040
8.512155 5.619431 10.416350
5.402926 5.560081 4.397560
12.191773 15.510451 4.212650
-5.608831 7.699097 -8.790732
-5.059388 7.820593 -9.192029
6.180458 14.038057 -0.507485
12.520152 2.431247 -0.468962
3.359526 7.731626 13.480619
-7.741500 9.324679 4.405751
0.725217 8.275072 -4.807715
6.022088 7.226256 -1.042845
6.357456 6.605104 1.200816
5.615495 4.233431 -1.959284
5.572977 16.519126 -2.035347
4.956566 15.043162 -10.314410
7.173254 3.556639 -9.190269
-5.019006 3.876653 6.843593
5.823849 15.695498 12.398338
1.078140 7.236203 -11.040402
-6.693380 1.893267 -7.811762
12.456085 2.765749 2.938776
3.035638 10.819408 13.582178
11.686547 0.740174 5.747588
-9.472964 16.510940 -0.708216
4.772377 2.425295 -10.382101
-0.614350 1.656365 7.907688
-3.383612 2.833300 7.551843
12.439492 5.916841 3.043017
0.461031 3.163255 7.781155
1.291151 7.056605 -4.804458
3.131314 17.863924 13.553082
10.444931 20.723422 8.115049
5.021788 12.102982 -10.289572
0.793270 17.748116 -4.810847
-5.517531 19.523101 6.537881
0.509028 18.889546 7.771927
8.563261 6.618566 -8.128704
1.943369 10.768649 7.342407
6.309207 14.924058 1.801150
12.211500 0.017564 4.136111
12.116446 12.138632 4.488649
-9.464100 1.970951 -1.494948
11.849292 20.884629 5.318821
6.257665 20.311930 -0.148677
-7.090727 7.259968 -7.373525
2.509576 3.738650 7.081919
6.224126 1.287283 2.308066
6.085921 12.047340 -0.848076
11.721957 14.434748 5.658086
3.478862 12.720068 6.487951
5.994898 12.006734 -1.119612
6.074256 1.056496 -0.885386
2.187856 6.940902 -4.663339
-7.358796 16.031564 4.894456
-9.126402 4.914984 1.548015
1.624523 7.124351 7.464985
4.065969 12.339736 6.013988
12.294693 15.881509 -1.778719
4.570735 7.502068 -3.327846
-9.295536 18.389617 -2.848204
4.917024 16.179467 12.864413
-9.378979 13.109743 -2.359619
5.092733 18.996173 -2.750447
1.239177 1.980878 -11.038031
-6.676439 3.155574 -7.829352
11.475243 0.301027 -4.190013
-5.873061 5.779408 6.289358
0.768215 15.333415 7.716610
8.049025 20.565825 10.835905
9.922668 10.284009 -6.699380
-8.325122 19.135993 3.491559
-8.964930 7.703591 2.061062
6.441962 7.532230 12.029167
-8.949583 4.617932 2.104895
-4.322789 20.739062 7.196386
-5.145644 13.628430 6.770383
6.352312 11.478276 0.656077
0.500835 0.897705 7.773525
5.028785 14.983235 -2.830301
-8.345171 17.837212 -5.527586
0.325169 0.276939 14.110380
4.446876 9.029951 -3.443505
-0.466173 9.203944 7.899185
1.927964 0.720669 -4.721600
4.390788 9.527831 -3.493612
1.898122 17.549751 7.360817
6.153035 16.629566 -0.614507
6.358636 12.231333 0.814680
-9.448469 1.997244 -1.734199
6.197381 12.247380 2.430469
12.533967 4.211906 2.343865
-4.662304 8.469453 7.034519
10.428141 7.214141 8.140332
5.250392 18.695864 -2.540152
6.296957 9.404567 1.892088
1.917608 20.004606 -4.723624
-3.615831 0.521885 -10.016488
-9.475915 19.089520 -0.832875
7.781403 18.840621 -8.766081
7.999629 4.654706 10.878398
3.773421 1.562391 -3.964375
8.763998 18.881810 10.170945
5.855508 15.792820 3.500338
0.977959 4.894531 -4.814469
5.638426 11.300558 -1.917128
6.337497 4.329340 0.442869
-0.938463 18.348442 -10.869005
11.563474 1.312886 6.044618
-6.080776 14.360143 6.131207
3.212333 1.219481 -4.285305
9.083301 8.376599 9.840361
12.540011 7.364688 -0.288883
-4.866499 18.776135 -9.320369
-5.349637 19.933095 -8.986909
-5.652915 6.841120 6.446408
-6.084600 0.027270 6.128201
10.342151 6.546854 -6.145412
11.443357 18.951355 6.316082
-6.575003 7.738672 5.711831
-9.157009 11.790771 1.437161
-3.744695 13.828874 -9.954748
-8.304994 4.502461 -5.602959
-7.147108 0.958609 5.136818
7.670600 6.601947 11.151141
6.339313 7.641385 0.464263
12.605658 8.452076 1.079882
4.200951 3.501425 -10.569639
-2.681666 9.656842 7.736053
-8.026021 20.213097 3.990604
8.709370 16.707346 10.225278
5.601506 16.884155 -1.984604
3.386176 18.794227 -4.195422
10.837700 13.327539 7.484156
1.987626 8.587437 -10.996206
10.823777 7.959774 7.507938
-9.273581 1.010753 0.952772
-6.406864 17.484009 5.861754
12.461674 3.860095 2.902353
-1.488773 15.912521 7.901185
-9.475591 13.763467 -0.814911
1.395039 7.387648 -4.796671
1.833058 7.374448 -11.009002
0.097848 15.546383 7.840893
0.160044 17.771224 -4.743417
-5.438054 14.424282 -8.921416
-4.272124 11.299741 -9.679024
-9.161299 9.249849 -3.432656
-9.303636 7.273246 -2.806673
-7.528115 11.004337 4.686935
12.600737 16.092208 1.358888
2.267220 6.742373 -4.642649
-3.070448 20.766290 -10.254852
10.423128 12.972421 -6.030342
-4.083464 14.997843 7.299471
2.922934 15.315338 6.853591
-8.170713 6.565120 3.758364
1.490542 9.267022 7.511638
10.443841 3.493717 -6.000442
10.070722 10.822607 8.650688
6.288932 11.367993 -9.711824
-9.177513 1.765345 1.359711
0.479188 0.341010 -4.788215
6.766252 1.308512 -9.443475
9.525327 9.391880 9.342321
10.460939 13.402790 8.090826
-8.094235 2.081699 -5.974984
-4.859007 10.942549 6.931968
4.378014 6.753512 -3.504833
1.785800 16.695301 -4.747412
-8.509694 4.277232 -5.201351
1.445958 5.377816 -11.031545
-9.370831 15.337213 -2.414899
10.620180 19.634658 7.843310
-8.129576 1.943557 -5.915128
8.238580 15.121269 -8.407064
0.600257 8.045233 -4.799421
11.880802 17.626186 5.230151
0.488471 10.474716 -4.789186
3.685690 12.147077 6.332357
-3.563563 14.788028 -10.040926
7.551414 2.078085 11.245695
1.425705 8.473869 7.533213
10.714548 11.822245 7.690663
3.031899 11.579199 -10.852441
10.981174 9.872718 -5.148007
6.354174 6.419487 1.283273
-7.937597 2.446729 4.125110
-1.022800 7.513334 7.916668
0.813043 4.644110 -4.811575
-8.994916 8.495365 1.973288
5.995822 7.486606 3.132002
-9.024941 11.724172 1.882351
-9.353044 14.612151 -2.528575
-2.970014 10.155334 7.668435
3.606229 15.764638 -4.069578
-4.355516 6.954775 7.181593
-7.588113 1.070834 4.610207
5.993994 12.745548 3.137255
2.531049 4.656420 7.070890
2.666976 9.195994 6.999007
-9.470183 11.735686 -0.627708
1.761190 6.605918 13.900003
-0.693739 18.792501 7.911090
3.015094 16.239558 -4.377667
5.831613 17.327598 12.393971
11.273867 8.263013 -4.606072
-2.993972 7.127714 -10.285416
-6.978203 3.752768 -7.502882
-1.917175 16.946239 7.862787
-1.837200 5.562956 7.871718
12.576282 8.827993 0.133580
4.450531 13.957359 -3.440192
12.585381 19.505863 1.716944
-8.468236 2.655441 3.223592
10.833479 20.878236 -5.398537
5.116594 0.096553 4.836094
-9.443768 0.959839 -0.199209
9.934580 0.824983 8.832370
5.574387 1.372766 12.535140
6.696962 9.265274 -9.484295
3.018199 16.766348 -4.376290
2.843212 17.647572 -4.450196
5.095308 13.957491 4.865989
-6.438564 15.593581 -8.067771
8.539602 17.439767 -8.149689
-7.410139 18.405027 4.832882
10.168005 0.112515 -6.383558
2.005268 12.958609 -4.705776
6.653844 16.856225 11.892130
5.048991 15.309983 4.929910
11.243860 14.142648 -4.664782
4.988030 18.091977 -2.879696
4.468572 15.552099 -10.485979
4.236262 2.913360 -10.559015
0.606145 7.981391 7.752290
12.592377 20.366867 0.412817
11.062493 6.650202 -5.003919
-5.627963 20.650392 6.463553
5.460663 4.419382 -2.224441
0.355940 14.754294 -11.022111
5.574684 16.265228 4.094262
4.776515 10.331832 -3.119063
9.112116 3.599774 -7.608057
0.559343 5.889107 -4.795985
-5.405007 10.693197 -8.946065
-0.639302 7.396601 7.908844
6.606759 12.947584 11.923067
-9.247787 16.610085 1.070473
6.323886 5.306433 0.303719
2.799385 8.655179 -4.467541
-9.336403 10.574492 0.628666
4.453977 18.095449 5.638461
12.183381 15.997017 -2.228279
3.260453 18.991192 -4.261239
8.198445 7.580448 -8.440075
5.567351 8.296248 -2.045217
6.744021 12.299371 -9.456642
5.584740 18.213881 4.075332
5.990672 8.999142 3.146759
2.962458 3.645690 6.829918
6.023252 6.647338 12.284054
12.112114 11.431140 4.503819
0.850184 19.669866 7.697163
-6.473433 3.964793 -8.033790
-0.277172 17.286742 7.884252
6.341210 11.978551 1.490728
11.651016 6.467612 -3.789801
-7.440124 7.142409 4.796387
8.371677 17.917059 -8.295429
6.777680 6.616491 -9.436681
5.290714 13.481116 -2.482988
-9.458993 13.498721 -1.583910
5.757102 18.117091 3.725869
-5.553529 14.718627 6.513928
-9.305496 4.386792 -2.797002
-7.813080 3.985024 4.305965
7.773302 17.714076 -8.772118
1.238818 4.605666 7.591819
5.691915 7.034843 -1.815466
5.768729 0.162736 -1.660407
5.563678 7.375622 4.114818
-7.675385 10.009085 4.495393
3.040775 7.192869 13.580635
6.360976 1.524832 1.006983
10.851277 17.844080 7.460853
9.487109 18.805962 9.387411
0.254292 11.624108 7.817329
2.727446 10.474751 6.965859
6.845796 3.009517 11.763083
-3.957296 2.163738 7.350283
4.383424 5.993786 -3.500090
-6.878286 1.220592 -7.614160
11.896567 7.335150 -3.152969
-1.733516 8.016264 -10.695315
-9.206163 10.860337 1.246630
5.222948 12.692427 4.681520
12.193086 7.576288 4.207613
4.874704 14.015286 -10.344940
12.531243 20.278603 -0.371358
-1.331508 17.530107 7.909469
6.759676 18.595561 -9.447377
-7.704959 12.911607 -6.578819
4.853749 19.011351 -3.034793
6.609228 16.931352 -9.535055
-9.255114 19.351147 -3.042534
3.938051 3.601522 13.277116
0.702467 6.555904 -4.806451
-4.542838 6.963159 -9.522306
11.059121 14.807634 7.089553
-6.219248 4.427067 -8.274346
2.410252 5.594481 -4.601874
-7.910433 20.681411 4.165390
10.692741 17.550860 -5.625128
3.305317 9.813352 -10.798063
4.802132 12.065037 -3.091492
4.523995 5.008669 5.564316
0.389973 10.657616 14.104134
-9.220973 0.916485 1.185694
3.640580 7.192620 6.367283
-8.961432 2.665157 -4.097083
9.232169 11.192793 -7.484856
12.605900 1.571288 0.968700
3.203491 14.067644 -4.289661
2.706890 14.709776 -4.502648
1.531018 13.939469 -11.027755
6.185062 9.784896 -0.488689
12.589339 1.607833 1.643911
2.001532 2.389870 7.318238
-2.203278 7.934506 7.824170
5.226772 12.694910 -2.572964
7.250946 13.372789 -9.139236
2.924542 10.368941 -4.416781
-9.457133 7.288570 -1.613134
4.258305 18.949291 13.151839
5.207277 20.459053 4.704865
-3.295850 16.489977 7.578548
11.906328 15.776031 5.156779
5.323935 5.182387 4.525960
-5.564719 11.806675 -8.825027
6.415046 20.391338 -9.643800
5.958447 19.285149 3.236691
3.664264 2.853753 13.377018
10.519830 8.136382 8.000698
6.328473 12.038992 0.347169
2.299267 11.684111 -10.963792
4.954675 14.818897 5.055555
1.913051 2.001409 7.354781
3.174807 1.573486 -10.824899
-4.498206 3.176334 -9.548888
-8.556183 15.254428 -5.103425
-9.399888 6.868672 -2.206120
7.874116 3.982074 -8.696210
6.327062 12.710176 0.333488
0.654184 6.677490 -4.803405
6.270713 8.200380 -0.075373
1.551810 14.131343 -11.026729
-4.986804 14.035537 6.861746
5.017487 1.448798 -2.844108
5.730228 18.118965 3.783809
11.023130 19.073367 -5.074240
5.509428 1.778042 12.569664
9.999993 2.273904 -6.602177
10.810415 20.778805 -5.436446
10.879742 20.902957 -5.321534
5.656413 0.241908 3.936066
6.216426 5.950108 -9.750022
1.499504 10.715123 -4.786597
5.659081 12.773285 -1.878439
5.421595 1.550890 -2.286597
6.565688 20.713447 11.949824
-3.973555 3.798489 7.343870
0.435663 11.032899 -4.783417
5.405715 13.004331 -10.133969
-6.661579 19.184192 -7.844710
4.881539 4.916524 5.149093
4.210030 19.525703 -3.646138
7.741733 10.743833 11.093656
-6.139068 16.919161 -8.346914
5.304149 18.043947 4.557166
12.307747 5.373612 3.730425
10.859525 0.620154 7.446643
11.152712 7.858253 6.912575
-9.421031 3.412302 -2.027723
4.900204 8.871064 12.872268
-9.250146 10.059743 1.060002
-7.538297 0.474359 4.674037
-8.383994 16.555549 -5.453239
9.590289 3.690002 -7.094902
1.032835 7.055153 -4.814180
-6.573824 18.539568 5.712910
5.172116 8.881640 4.756513
1.500257 11.912413 -4.786516
-9.458845 5.541876 -0.404092
-8.464092 13.490536 -5.294812
12.601987 20.906471 0.681683
11.970011 5.704341 -2.939206
-1.711951 17.613948 7.884077
11.735411 13.969293 5.623563
4.466712 7.843985 -10.486586
5.580028 20.175331 -2.022915
-7.947617 5.657062 -6.213697
12.554527 4.975694 -0.139036
6.232646 10.912629 2.266540
5.610686 0.202978 -1.968021
3.779610 12.107642 -10.686835
-1.983488 10.904902 7.854765
8.403960 19.327100 -8.267841
4.712677 17.571243 -3.186194
1.643356 19.210047 -4.769034
-5.445182 4.790902 -8.916072
11.914886 8.816395 5.131859
7.820816 2.911717 -8.736554
5.154436 13.728722 -2.670522
3.106456 13.093031 13.560714
10.437655 16.232852 -6.009392
8.321192 4.225459 10.594114
2.066678 9.156218 7.290485
4.009409 12.725978 6.064211
-1.445355 12.724343 7.903784
9.550763 3.728351 -7.139689
6.254988 9.350416 2.150436
-8.225711 6.236158 3.665740
6.272526 9.960902 12.134802
-9.392163 12.000078 -2.265021
-8.387473 18.540832 -5.446502
-4.561228 4.263829 7.084676
-8.353751 15.469245 -5.511286
1.573441 10.403780 7.483103
12.064051 9.308631 4.667630
-9.369530 12.549727 -2.423524
3.017042 4.413361 -10.855195
-9.232477 8.380546 1.137074
2.267008 11.823458 -4.642707
4.525742 6.428457 -3.370681
3.514551 0.381673 6.461917
5.328995 13.097515 -10.166364
0.091857 3.991188 -4.730911
5.506438 12.511593 -2.149321
-4.517475 3.279435 7.105864
12.056491 12.507048 4.692688
-9.422383 20.361332 0.022315
5.073324 11.752341 4.896518
10.597619 12.598053 -5.772189
10.633817 9.770211 -5.716777
0.326643 18.181919 14.110241
6.296235 8.959857 0.085854
-8.907050 8.350670 -4.252756
5.901241 18.556641 3.387219
3.536652 10.858289 -4.110876
10.409765 13.719671 -6.049530
7.818881 8.203841 11.030401
5.138342 12.590793 4.805203
12.602813 8.992942 1.277358
2.844598 2.158044 6.899532
12.604240 8.629287 0.790466
-8.693280 3.182287 -4.797107
7.201688 0.776600 -9.171695
-6.509956 17.638546 -7.997849
5.535224 17.718581 -2.100737
-1.800890 10.557367 7.875505
-6.469084 3.625362 -8.038046
11.224546 3.570655 6.772122
5.762916 1.328814 3.713143
4.968189 19.001012 -10.310017
6.353090 19.466294 1.305850
10.534336 0.488719 -5.867490
-9.472910 20.988388 -0.706447
-0.618292 8.775702 7.907875
6.186147 6.943452 -0.484222
5.360868 20.172488 -2.379883
4.435658 5.282333 13.078460
-7.965132 15.767229 4.083792
5.133937 9.803857 -10.245790
3.638590 11.532258 -4.049881
5.068177 20.742016 -10.271627
1.502450 9.540653 -11.029101
-5.959876 2.901999 -8.503706
-0.240085 17.258001 -10.971068
12.531018 4.030135 -0.373411
-8.741521 12.611585 -4.682222
0.845102 6.699679 -11.039677
-6.226610 8.504753 6.014030
8.758476 11.154374 -7.951119
-4.135896 3.842943 -9.753893
4.175901 10.838981 13.184956
-1.292035 11.654136 7.911059
6.205343 16.460265 2.395176
6.265743 20.547246 -0.103903
0.951857 19.348693 7.671714
0.755135 3.711547 -4.809212
6.360157 3.094621 0.884341
3.571174 5.473552 -10.738381
-2.783761 18.873611 7.713375
1.803918 11.902122 7.398056
12.357907 11.699962 -1.484839
1.984074 19.936306 -4.710241
-6.674704 14.287067 5.619121
6.011807 12.075289 -1.072261
-2.443933 2.884565 7.783556
2.432168 18.326178 -4.595226
2.795687 4.274466 -10.893774
-9.130893 1.240834 -3.545747
4.881881 16.256617 5.148664
5.184413 14.330543 -2.630616
4.128343 9.509736 13.203788
-7.489496 7.491466 4.735415
-7.012888 12.653495 5.281586
2.492119 6.773026 -4.576489
-6.977512 18.841389 -7.503662
-7.679972 14.543874 -6.614532
11.059973 3.476132 7.087972
12.480850 10.663836 -0.771232
4.451270 10.360124 -3.439522
11.180415 4.319051 -4.786386
5.033239 15.871779 -10.285164
0.877641 15.645062 7.690435
11.780925 19.782378 5.504549
2.099511 0.437794 7.276222
2.077155 7.158641 7.285954
-8.479431 8.989829 3.201677
4.389532 18.640110 -3.494718
5.788630 14.334930 -1.618288
-0.089565 16.602192 7.864859
-3.923177 6.950246 -9.865658
6.151603 8.726404 2.618118
-8.893518 7.738246 -4.290230
-9.286009 16.662471 -2.895852
0.631410 13.770850 7.746968
11.685419 19.781515 5.750409
-1.539629 20.969427 7.897839
-2.459127 13.740117 -10.480466
10.589187 10.864162 7.892447
5.737098 12.593083 -1.725649
4.179555 1.820448 -10.576015
-7.845166 17.944725 -6.372084
2.818659 5.189910 6.914460
-1.899906 4.763983 7.864784
11.649404 10.038420 5.839446
-8.144525 10.020744 -5.889519
-4.384583 0.836598 -9.615224
11.265664 13.272443 6.689796
6.287515 5.017562 0.027607
-8.877898 20.609722 2.300815
1.871006 6.381352 -4.732452
6.322167 16.607780 0.288142
3.816122 5.937879 -3.936108
11.697207 19.291294 5.720850
5.477788 1.773106 4.269747
-7.124586 16.513305 5.161572
10.720398 6.903196 -5.581474
3.267803 12.585320 -4.257508
-3.561247 7.189538 -10.042000
5.053941 13.946681 -2.799238
12.589055 7.747341 0.345251
8.823086 17.244480 -7.890553
1.249228 9.173195 -4.806971
6.350078 18.404789 1.361490
-7.123589 14.187904 -7.334904
5.161570 1.871185 -2.661091
1.887740 7.702969 13.874099
5.711403 14.376913 3.823567
12.451122 18.227957 2.970546
4.380498 0.643177 5.714035
9.907026 4.367129 -6.718793
-7.710200 20.792585 -6.571287
-0.269078 13.582109 -10.967745
-2.394641 20.965851 7.792484
12.559465 12.627328 -0.083266
5.636386 5.393950 -10.032562
-9.192077 17.148972 1.302975
4.743521 3.301174 5.317175
6.220438 2.669430 -0.334673
-8.191803 11.498742 -5.807361
5.388674 7.447721 -2.337654
1.456287 10.159035 7.523117
-3.399260 3.071451 7.546969
-9.381277 14.411258 0.347796
4.176068 0.247504 -3.673346
6.360555 11.988214 0.912617
-0.337549 3.315854 7.889522
4.917677 19.557296 -2.962369
4.939120 3.246080 12.854052
-5.195170 18.456444 -9.097916
11.571868 2.340257 -3.974852
6.142935 18.613392 -0.652013
11.165300 4.227170 6.888263
-2.952319 10.074236 -10.301775
0.601378 7.048028 -11.033648
-2.212322 0.171237 -10.559800
1.584525 11.297360 7.479207
-1.711279 15.771407 -10.701032
4.501003 20.711311 -3.393829
10.848425 7.987952 -5.373802
2.695942 5.307415 6.983219
8.901613 18.556260 -7.815700
-5.676053 10.830505 -8.737732
9.522292 12.415326 9.345917
5.395738 10.867293 -2.326797
-1.679762 12.517784 -10.709049
12.345198 18.150653 3.554437
8.816106 18.666347 -7.897141
4.936880 16.658396 -2.940121
5.409829 15.129158 4.386035
6.106050 0.547669 2.784693
-7.296919 20.027921 4.967173
5.181013 7.451782 4.743538
-4.267752 19.136395 -9.681467
2.721155 9.366726 -10.905737
0.851377 11.439082 7.696872
4.067727 18.750817 6.012409
6.916062 1.524870 -9.352980
1.166543 8.504696 14.005570
6.309901 4.974726 0.185901
4.150101 0.886645 5.937274
-8.444457 1.814257 3.269657
4.326547 14.019031 -3.549349
5.947424 19.364439 12.328039
11.239550 1.428516 6.742248
11.778246 0.640865 5.511653
-8.976642 14.504048 -4.051980
2.545394 7.576540 7.063473
-9.468826 11.431150 -1.395413
12.584521 19.747386 0.263047
12.195397 14.206154 4.198733
-4.947318 3.083557 6.883751
11.485321 5.070219 -4.168084
-8.346538 16.488338 3.452817
10.708614 11.331120 -5.600124
-4.557538 20.058197 7.086475
5.155758 20.915052 4.780206
-1.484245 12.252843 7.901467
6.056868 16.566650 2.947854
6.027145 9.959620 3.039752
-1.111013 15.421169 7.915837
6.053695 19.312599 12.266211
0.275004 17.186295 -11.017099
-8.601770 11.121292 2.951935
-8.943100 16.087542 -4.150505
-9.287774 4.398956 0.884678
1.965437 15.172838 7.333304
-0.710537 19.555830 7.911708
9.722540 14.117185 9.102997
-2.939437 5.855760 7.676131
10.466799 11.366138 -5.967073
5.242316 10.122494 -2.551425
2.520492 1.136545 7.076323
1.322680 11.925315 -4.802330
-7.100760 7.417105 -7.361775
-8.267590 11.971982 -5.671762
4.905840 14.481543 12.869639
-0.526794 11.183239 -10.934753
4.880472 12.229144 5.150435
7.604719 14.629920 -8.895305
2.850384 12.257913 -10.884666
1.363274 15.404408 7.553379
12.259838 16.571540 3.939690
8.792410 7.907662 10.142437
9.889185 7.222080 -6.740835
9.532477 5.908186 9.333841
1.568937 2.872268 -4.778655
1.771453 12.421740 13.897948
-5.651061 9.792356 6.447687
8.162926 12.446834 10.736317
-6.961942 1.247492 5.334852
1.511617 11.009044 -11.028677
2.121039 20.700962 -10.983414
2.692946 12.057682 6.984860
4.488339 3.739803 5.602340
5.048221 10.585414 -2.806341
-0.770617 20.213659 7.913622
10.329575 15.642030 -6.163028
3.631816 12.712887 13.388426
4.822528 7.927009 5.222257
-2.158568 16.334641 7.830894
-9.157414 20.250040 1.435658
7.981532 3.295795 -8.613429
-7.806838 18.413187 -6.429704
9.875100 14.950058 -6.758160
-8.434703 7.401779 -5.353762
8.989838 14.904915 -7.729936
2.108315 1.668645 -10.984703
4.405071 14.685155 5.689010
12.605915 17.677463 0.976764
-9.423204 20.077673 -2.007594
11.994011 7.330912 -2.866448
5.810270 8.743607 3.606802
6.048081 16.322258 -0.966197
5.307039 10.049634 12.674389
8.996271 15.619923 -7.723613
4.618537 1.823829 -3.281270
-0.748996 1.657916 -10.901275
2.145140 7.790493 7.256090
-8.438621 5.724169 3.280864
1.858010 19.659137 7.376852
10.979160 10.044886 7.235767
-3.956204 17.260367 -9.848709
6.360832 9.195824 0.941322
10.944972 0.964946 7.296961
0.909143 20.009390 -4.813950
0.260997 3.079817 -11.016171
6.359814 4.440477 0.865163
-9.167868 5.512700 -3.407488
0.857608 1.888949 14.050053
-0.268399 16.019648 7.883447
7.576569 9.298264 11.225921
10.647063 20.641503 7.800296
7.018658 2.141745 -9.289204
12.197655 16.482832 4.190028
-8.961778 1.942612 -4.096064
4.017033 20.837799 -3.795036
11.355092 20.834746 -4.443072
1.147197 17.820827 7.618640
2.351485 5.996511 13.768657
2.908053 14.900143 -10.874761
3.319669 11.201434 6.600133
0.486687 19.059791 -11.028941
6.083138 4.222712 -0.857055
6.022033 5.598650 -9.849220
-0.451545 11.816468 7.898193
-1.271743 10.785013 7.911800
0.765711 5.611498 -4.809696
-7.258702 14.016633 5.011295
9.107298 4.618512 9.814578
7.065524 11.343683 -9.259575
-9.448316 3.222144 -1.736153
-9.319243 20.722041 0.723570
-9.476777 5.074785 -0.895536
11.682827 8.781276 -3.712965
7.451462 6.933460 -9.003346
6.325198 10.820376 1.664153
5.665396 13.396641 -1.866471
3.256112 19.566379 -4.263435
-8.291072 12.440091 3.552245
1.484971 11.472613 -11.029888
-9.418719 0.305698 -2.048715
0.849594 3.785818 -4.812705
-0.944656 7.322024 7.916584
-7.175317 8.880552 -7.273311
6.246601 4.005342 2.195359
0.600480 7.094473 -11.033616
1.684513 14.182718 -11.019258
-0.309681 2.735007 -10.962961
-7.634178 9.468186 -6.679144
-8.858096 20.197609 -4.386154
-8.741295 19.554172 -4.682772
-5.481902 19.968342 6.561331
5.501729 0.373882 12.573726
5.073790 4.885698 -10.269440
6.360307 17.674485 0.894005
1.144698 16.558209 -4.811660
3.942316 20.335763 6.122431
4.355472 2.620601 13.111995
-2.537994 15.853491 -10.453718
5.052702 8.064346 -2.800778
0.688089 11.511698 -4.805595
1.464814 4.069778 -4.790192
9.609117 13.762542 -7.073408
8.653982 20.708974 -8.047169
-9.434655 15.702807 -1.894072
-3.422591 10.857698 7.539637
4.596777 18.167766 5.484929
-9.089189 11.135001 -3.692712
1.121305 17.087011 14.012523
-7.368778 9.486312 -7.033812
1.820673 11.695552 -4.741473
5.638866 3.637330 3.970895
-9.088392 5.041119 1.678706
-8.514175 2.133419 -5.192030
6.347132 14.506593 12.088714
5.227289 11.628724 -2.572251
5.778252 16.125745 -1.640360
6.359969 5.784614 0.873404
-6.722739 1.057934 5.573396
-6.379875 12.674802 5.885097
-6.209886 7.480503 6.027735
-8.842195 19.618836 2.393512
5.039926 16.663392 -2.816598
-0.025298 7.658239 -10.993244
12.246137 17.637031 3.996734
11.796879 8.370049 -3.424425
12.557972 13.193715 -0.100425
-2.243329 12.188869 7.817928
9.526245 15.185185 -7.167243
-9.463110 3.081880 -0.476680
4.705311 15.257496 -10.405859
1.852858 15.328005 -4.735766
-0.447383 1.299080 7.897906
12.231993 2.469254 4.054455
-0.989042 7.358340 7.916727
0.379429 19.094717 -4.776611
2.611264 8.068232 -10.922438
10.509528 17.496926 -5.904320
7.431434 9.049378 -9.017195
1.532967 0.960238 7.497169
-6.123090 14.541812 -8.361194
0.955185 9.297939 -4.814406
8.295067 14.442156 -8.360096
-1.477575 2.743839 -10.758088
8.584718 3.194143 -8.109573
10.686079 17.410515 7.737207
1.604686 11.937849 -4.774176
5.720295 7.822824 -1.759497
6.490781 0.155571 11.998085
5.718273 14.969445 -9.995095
1.283016 12.903473 -4.804974
4.196163 0.768697 -10.571069
4.991608 3.157342 12.829248
11.358647 19.509170 -4.435795
-8.579193 16.096768 2.999518
6.312470 12.921642 0.206181
1.276082 17.327287 7.580554
-5.391827 6.978349 6.619482
-1.766933 19.859452 7.878896
-3.781394 0.243369 7.417157
10.956199 12.906320 7.276949
10.369283 1.267532 8.227979
6.167024 20.086692 2.557513
0.532391 20.627076 7.767322
1.027667 7.431594 -4.814234
-2.084353 14.115039 7.841491
2.539944 3.375628 13.721017
6.275450 0.472780 -0.047418
-5.987441 19.402829 6.203510
12.604812 6.589859 1.164880
8.222846 1.711526 -8.420041
-1.466642 18.274427 -10.760622
11.414580 20.828534 6.378726
6.875865 19.582221 -9.377566
12.503906 2.879797 -0.601011
-9.475872 13.095082 -1.158766
4.723128 0.324401 5.341134
6.360845 20.017871 1.033176
-6.113240 0.085994 6.105573
-8.802720 8.275786 -4.530299
6.070718 10.711983 2.903407
11.459776 7.941735 6.279943
6.883598 17.010745 11.737105
8.338060 9.426494 -8.323943
-9.190741 6.314696 1.308244
0.278867 16.403693 14.114658
0.034905 20.292108 7.849457
4.828449 5.799546 12.905467
9.669439 9.444495 -7.003835
-1.263944 4.089560 -10.805458
-4.334297 2.182714 -9.643977
6.143578 4.966859 -0.649657
7.074300 17.468752 -9.253992
0.733643 19.211697 14.065937
11.458013 13.676389 -4.227243
-4.278312 2.949877 -9.675561
4.482041 17.369621 5.608998
-2.399022 12.188364 -10.500394
11.643483 18.108395 -3.807784
-8.518195 4.329462 3.124628
-2.113920 12.067021 7.837353
6.334919 16.249741 12.096304
10.163887 12.279066 -6.389043
-7.196890 3.597620 5.081420
-9.476404 7.081176 -0.864688
4.223564 17.937528 -3.635172
12.601204 12.583460 0.651826
-3.181691 19.653422 -10.209163
-7.067028 12.541702 -7.401137
6.360573 0.326984 12.080339
-9.427331 14.115052 -1.968211
12.554855 19.961311 2.131888
11.461134 5.877850 -4.220524
6.347005 5.697112 0.566978
5.950541 12.070155 3.258158
8.701271 4.116771 -8.003989
1.190171 7.164272 -4.809897
-8.766813 14.224354 -4.620315
6.358729 14.244971 1.158436
6.235997 18.776264 -9.739777
6.276995 11.289977 -0.038129
3.048463 15.383463 -4.362738
-7.821954 12.503781 4.293388
3.261678 11.206639 6.639449
-6.187813 13.639146 6.045716
5.304019 18.866363 4.557370
11.014823 12.537831 -5.088941
-2.073662 15.674831 -10.601511
-3.031924 18.851123 -10.270333
-6.936212 6.881172 5.361414
12.141264 20.707175 -2.381707
2.839295 0.045307 13.639543
-5.389136 8.945467 -8.957829
-8.328218 5.396871 3.485985
3.684338 19.446508 6.333412
6.460723 15.730512 -9.618661
3.005631 14.983268 -4.381850
12.584124 20.850482 0.256279
5.898135 8.524337 -1.369486
-3.419003 18.840480 7.540770
-3.451140 17.213331 -10.092321
1.993659 1.645341 13.851478
5.953376 6.278163 3.250485
3.799035 0.756769 -3.947489
3.552756 5.452944 6.433678
-7.436766 4.483790 4.800495
-0.310277 0.667427 -10.962889
-9.476168 7.123100 -0.848484
-8.339110 9.899292 -5.539057
-0.597513 3.808326 7.906863
9.839428 18.208828 8.955602
-9.435174 19.883709 -1.888584
-8.855899 13.969352 2.358287
-8.699016 9.511048 -4.783657
0.398296 13.500542 7.792743
11.069026 18.907801 7.071130
-0.861197 15.899079 7.915642
6.343562 0.384806 0.518193
3.264479 1.405049 -4.259197
0.537231 16.448058 7.766358
9.535638 4.498436 -7.156707
1.737425 8.160982 -11.015834
1.277777 1.673805 7.580037
4.977033 3.946020 -2.892831
-9.476138 6.730914 -1.142620
3.269122 5.075343 -10.805667
-8.337172 5.859401 3.469817
8.609581 5.080570 10.322938
5.542505 2.086854 -10.074565
4.587977 5.531168 5.494657
11.659615 2.134903 -3.769177
-1.677356 10.480891 -10.709657
5.924010 19.049082 3.328599
12.436097 9.624219 -1.060912
-8.847627 13.498132 2.379601
-2.595526 0.105329 -10.433773
7.735267 7.830996 11.098915
3.320525 5.155914 -4.230326
10.916435 6.346665 7.347460
5.190589 19.410566 4.729502
11.194437 9.924079 -4.759796
10.201702 19.405687 8.469552
-1.206322 11.958727 7.913836
1.488440 5.828115 7.512348
4.339789 13.196278 -3.538001
8.227206 18.644557 -8.416449
11.431776 8.053215 6.341398
7.822911 14.398173 -8.734978
12.578842 1.412852 1.823597
5.520921 3.531068 4.193121
9.822085 8.306907 8.977743
-6.981498 15.051943 5.314511
4.509914 3.319695 13.046873
12.188360 17.275100 -2.209611
4.624142 11.133994 5.454446
7.703989 1.670558 11.124258
-8.910332 19.524143 -4.243592
6.358247 20.826823 0.800962
4.331866 17.600507 -3.544799
6.329285 0.261777 1.624408
12.583119 7.358204 1.755534
2.516803 3.718418 -10.935903
-5.138829 1.605597 -9.137353
4.644687 20.024546 5.431325
0.687249 17.653097 -11.036388
5.899676 14.623609 -1.365752
1.602667 15.177214 -11.024054
3.411721 20.724057 13.463434
3.435983 0.342878 13.455367
12.596392 7.289497 0.506812
-6.509889 20.629107 5.770827
5.172740 1.939945 12.741550
12.489377 9.318340 -0.710306
4.618282 13.233690 5.461004
-3.916329 19.831421 7.366267
-9.129258 3.979804 -3.551676
-3.950301 2.117230 7.353030
2.752924 20.041831 -10.900701
-8.415114 15.445662 3.325621
0.150316 4.544362 7.833353
1.200941 6.508827 7.603058
1.467968 6.177320 -11.030627
-8.822912 0.557062 -4.478517
-6.296804 16.808029 -8.202675
9.367730 11.050836 9.525685
5.694556 1.676634 -1.810321
12.571140 14.737625 0.061871
9.259395 20.598399 -7.456413
-8.150790 7.379874 -5.878734
-9.258720 10.118802 -3.025980
-9.145854 20.404899 1.478191
1.724583 1.368146 -4.757222
-9.381356 14.166289 0.347247
1.018752 5.082275 14.027726
1.987363 13.442392 13.852847
-9.455411 8.524228 -1.639006
-6.512133 9.444915 -7.995696
5.275292 8.092044 -2.505026
12.588133 14.059142 1.667013
2.410490 7.346092 -4.601803
-8.518324 5.731043 -5.183379
7.847586 9.947384 -8.716351
-3.635106 20.151880 7.469321
4.287180 7.055068 -10.543475
9.542714 7.385612 9.321673
5.636184 1.045968 -1.921285
5.584438 16.871352 4.075903
6.337160 9.962751 -9.686049
4.796534 17.154655 -3.097548
2.305157 11.914224 -4.632274
-1.539210 16.129418 7.897868
-6.038027 20.377157 6.164579
6.916250 15.282024 11.714514
6.606634 18.570909 -9.536540
6.343139 12.871138 0.512546
1.696236 16.265579 -4.761500
0.297316 4.040814 -4.765433
12.023402 14.673526 4.800264
-8.019709 4.303610 -6.098189
3.731548 9.236127 -3.991533
11.838490 8.854361 5.348757
-0.975095 7.821819 -10.862368
4.745862 7.107160 -3.151574
8.590913 8.028986 -8.104032
12.605113 11.573963 0.853276
-9.477294 10.597220 -0.995054
-8.806210 9.592549 -4.521409
12.275179 11.338660 -1.863012
-9.322216 2.708046 -2.707517
-8.734468 8.570255 2.656549
11.595717 16.764596 5.968781
-9.476896 4.865012 -0.907673
-0.533518 11.704304 7.903397
-9.409116 2.169746 -2.131730
0.811382 14.483065 -4.811517
9.817695 11.526384 8.983333
-7.421792 20.990290 4.818747
8.260004 3.454352 -8.389321
2.239431 1.618965 -4.650050
2.099453 11.034193 13.828024
3.430228 14.657968 6.522899
-5.209353 1.479634 6.732435
1.270262 5.096639 -4.805756
3.867127 15.586557 6.185987
8.284853 20.596192 10.627167
-9.347288 20.353869 0.565347
3.859810 0.109221 -3.906578
2.334259 3.760651 13.772873
5.908752 15.210338 12.350222
1.282563 19.653075 7.578573
1.556245 2.224905 -11.026505
12.016618 9.048707 -2.796480
8.774832 12.694141 10.160095
5.246957 5.020533 -10.200280
12.090525 16.798232 4.578397
-9.269599 16.068829 -2.975164
-8.576154 14.562361 3.005869
-9.167108 15.708960 1.399352
-9.317987 20.116244 0.730302
6.065432 5.455517 2.920502
-1.229960 2.774771 7.913163
-4.041088 10.733527 -9.804470
5.804349 7.254292 3.620372
-6.906818 3.857289 5.391484
9.487887 11.814846 -7.210009
5.467993 0.763831 -2.212582
3.855441 13.607929 -3.909559
-3.848599 14.933052 -9.903396
1.679280 6.674809 -11.019583
0.074880 8.708672 -4.727633
4.943278 18.530566 5.070348
6.352238 6.056248 1.322527
12.472702 14.544440 -0.827502
6.360747 6.390801 0.930955
-6.050122 4.918106 -8.425653
11.811807 7.652813 5.421736
-4.556640 18.960522 7.086912
5.615746 7.940448 12.512924
8.346997 2.049423 -8.316384
6.509245 13.560346 -9.591661
11.668664 19.759544 5.792066
10.009920 10.849555 -6.589545
-8.499049 9.787737 -5.223390
0.787205 17.455843 -4.810607
-6.738123 7.018673 5.558603
12.286281 13.433911 -1.815384
6.933282 19.999439 11.702675
11.948847 3.722633 -3.002132
4.172115 8.575681 13.186462
-7.669747 3.460948 4.502929
12.303940 15.466574 3.747659
6.185661 9.936390 2.480850
5.518021 16.434835 12.565123
-1.290010 8.988016 7.911135
4.175993 6.719385 -3.673405
1.473511 20.659620 7.517368
4.720906 1.066010 -10.400377
2.203811 12.451005 -10.974662
6.892802 6.263996 11.730751
8.225171 5.262713 10.680929
5.989476 3.490796 3.150172
4.428582 18.752225 -10.498943
12.279881 17.343687 -1.842946
6.926524 7.563814 -9.346544
10.944721 18.319597 7.297407
12.600979 13.463608 0.643679
4.134968 2.047001 13.201177
2.979630 20.422672 -10.862036
0.507383 19.319536 -11.029879
0.591340 5.503126 7.755368
-4.114350 9.360051 -9.765496
1.793513 11.874125 -4.746120
10.107398 16.435449 8.600615
-4.061054 1.930789 7.308672
-9.165161 15.814202 1.406691
-7.872763 3.451168 4.220472
2.696743 16.604827 6.982781
10.163560 11.095486 -6.389479
0.261683 0.337592 -4.760120
0.909531 9.322329 -4.813956
11.363375 17.196208 6.488089
6.277304 19.037483 2.021255
-3.646059 8.873229 7.465522
-8.172190 19.313982 -5.841663
-5.770356 15.573333 6.363937
-6.334524 10.598984 -8.167279
7.296467 16.578155 -9.108919
-4.390801 16.937846 -9.611642
3.140538 8.235281 6.719011
-6.848397 11.533559 -7.646819
5.697661 10.870047 -1.804253
10.699298 13.896583 7.715648
-6.462086 7.080667 5.813379
11.683269 7.726509 5.755779
-7.276883 11.526308 -7.149429
1.041105 5.390989 7.648153
2.870652 20.900060 6.884396
1.357002 20.145774 -4.799780
-0.896772 12.463942 -10.876402
-9.010276 15.749848 -3.949566
-3.950154 8.507344 7.353088
1.662715 15.673652 13.919319
1.613735 16.775170 -4.773001
3.123898 14.970368 -10.834931
-5.179885 11.182897 6.750082
2.561097 18.555698 -4.553926
6.123931 9.770248 -0.720144
5.834789 6.157005 3.549728
-1.214496 9.941777 -10.815780
6.352079 19.605681 0.651676
2.522666 3.978724 -10.935091
-1.291901 17.048069 7.911064
-6.175869 16.710033 -8.313796
4.666596 6.825773 5.406443
9.019229 10.337639 9.908540
7.060246 2.039400 -9.262927
-7.831101 17.032602 4.280375
-9.376520 10.513052 0.380386
-8.927907 6.404104 2.165616
-2.824711 3.225710 7.703891
12.247406 7.009965 3.991497
-7.771489 6.678756 4.364300
6.359748 17.505456 1.114622
11.267262 8.568335 6.686568
-8.074443 11.840644 3.914636
5.332468 13.386568 4.512387
-0.899481 8.697018 7.916184
7.386307 2.784304 11.373125
10.224198 8.287893 -6.308051
-5.877148 1.958006 6.286341
-2.021534 1.293846 7.849911
5.643504 2.845080 12.497911
-5.365334 14.273396 6.636280
-9.340328 7.172541 0.606131
12.525386 0.794394 2.421788
-2.353980 5.032355 7.799612
-3.607301 9.980672 7.478886
0.345564 10.920850 -11.021502
5.280286 5.841336 4.594319
0.956123 13.690051 -11.040636
-1.388350 20.942967 -10.778424
5.582116 17.641296 4.080284
2.794644 9.556343 -4.469390
10.344018 12.014146 -6.142791
6.006132 4.369836 -1.088293
12.434799 7.281052 -1.068690
-3.954346 5.848066 7.351442
-9.429397 1.743359 -0.044552
10.599839 19.783542 7.875613
4.088962 20.743008 -3.741141
0.855307 1.253849 -11.039812
5.836887 3.106362 -1.512416
-1.963798 1.420905 -10.633122
-2.877443 10.902492 -10.330678
-0.892071 13.801329 -10.877225
8.624074 4.521450 -8.074237
12.214120 19.500770 -2.111103
12.011072 1.325709 4.839518
1.373991 12.417833 -4.798428
12.567771 15.773368 1.978030
5.974532 19.711869 3.192307
10.847343 12.132298 7.467616
-6.963876 20.082067 5.332846
-6.318027 2.882301 5.937860
1.161629 3.151219 7.614497
-1.164322 14.695185 7.914859
-6.169658 8.682771 -8.319408
-2.031774 18.889527 -10.613713
6.050981 12.700884 -9.834741
4.802378 8.249853 -3.091225
-9.378796 8.824337 0.364889
12.537621 4.249674 2.309269
6.180444 18.846051 -0.507541
6.222301 8.028103 -0.326029
-1.753457 9.875945 7.880201
1.997372 15.848037 13.850670
-0.946195 0.339185 -10.867615
2.455670 3.936984 -10.944180
10.791732 0.960232 -5.466926
6.137364 15.706323 2.672052
-4.228200 9.989172 -9.703450
-6.441555 20.483493 5.831461
4.682429 15.543146 -3.217241
6.254901 20.912288 2.150914
0.229618 9.671693 -4.755100
-1.298269 1.752960 -10.798152
9.973977 20.357165 -6.635112
4.534900 16.540777 5.552574
7.933512 0.995541 -8.650682
6.034545 12.088301 3.017294
2.893820 2.439587 -4.429592
4.951363 3.359781 -2.923184
4.499083 19.127229 -3.395614
1.777708 6.137621 -4.748753
2.081810 13.878830 -4.688856
-4.394260 18.572639 7.163860
-2.839037 2.169436 -10.345253
2.629106 2.046062 -10.919802
0.216136 14.746219 7.823377
9.715941 15.649437 9.111190
12.605436 12.209677 1.108626
-0.613994 8.988452 -10.922174
-3.095097 19.600814 7.635639
3.741606 8.858104 6.288270
-5.555103 3.226605 -8.832453
-1.729102 20.215451 -10.696454
3.719252 1.821288 6.306002
6.789695 9.427179 -9.429518
-3.141088 16.219762 7.623047
11.868089 8.783009 5.266173
2.877605 17.424044 6.880332
-0.208752 19.715272 7.877709
6.331602 20.366178 0.378620
5.965164 0.218958 -1.199997
7.997181 11.084297 -8.601202
12.232145 7.362113 4.053841
-4.514987 13.122669 7.107059
2.976557 14.050939 -10.862592
9.583746 3.882348 9.272606
4.951896 16.363475 5.059169
6.122076 8.483483 -0.726631
-5.324158 2.606459 -9.005515
-9.361939 18.036585 -2.472836
-9.184715 15.335032 -3.341637
-6.762508 16.113007 -7.739111
-8.805268 6.475279 2.486348
12.603837 1.418803 0.767152
12.507675 18.104260 2.570354
-5.695815 12.985635 6.416624
4.436443 3.274597 -3.452930
-6.296557 12.339740 -8.202906
-6.601999 1.290842 5.687015
0.945677 6.637156 -4.814348
12.453595 14.342117 -0.952935
1.184799 10.504831 -11.039094
4.818000 3.673526 12.910259
-4.988021 19.325199 6.861063
4.228190 3.503072 -3.631407
8.087637 11.989837 -8.529684
6.361414 20.314105 -9.672976
5.810290 15.753794 3.606757
6.024342 19.059959 3.048191
6.359804 16.588566 0.864636
10.604109 0.569986 -5.762303
4.142709 5.426524 13.198121
11.313618 19.601132 -4.527067
5.616574 0.890573 4.014441
6.248912 15.682267 -0.195187
11.917885 14.596333 -3.092224
0.159540 10.207567 -11.008909
2.985586 6.476018 -4.390636
5.998521 15.685811 3.124224
4.150799 15.200570 5.936628
-7.916903 18.208661 4.155839
-6.658386 15.463675 -7.848003
-1.825768 5.688661 -10.671056
-4.702279 17.217375 -9.424872
-1.320024 15.532054 -10.793461
5.112457 10.804544 4.841930
0.336426 18.739400 -11.020957
9.354401 16.139642 -7.355655
1.263505 15.126393 -4.806156
3.690982 10.877665 -4.017322
-7.947149 13.688714 -6.214436
-6.251204 9.707047 -8.244993
-8.395275 12.799423 -5.431346
9.585258 15.094993 9.270789
1.402277 20.854786 -4.796045
2.510675 11.209457 7.081357
3.128689 3.818766 6.726611
3.197676 18.659827 6.681910
9.066085 7.553464 9.858775
-9.466742 12.304674 -0.547778
-8.757817 9.125341 2.601486
5.339974 19.036602 4.500391
-2.098795 9.440276 -10.594102
-5.050144 13.593332 6.825863
-7.838318 19.866781 -6.382442
9.699390 5.266640 -6.968882
11.349940 19.457533 -4.453596
6.788924 13.051162 -9.429978
-7.889526 11.348370 -6.304303
3.027043 11.497369 13.584755
-9.176617 6.245712 1.363151
2.458020 6.952211 7.108043
3.736718 20.870059 13.351215
6.357435 17.128524 1.201429
3.229929 13.062980 -4.276576
1.517989 12.412254 13.946380
-6.595081 7.186495 5.693395
5.705038 10.658321 3.836860
-9.358775 11.422584 -2.492902
-1.596394 5.612085 7.893720
12.493856 8.554663 -0.677386
6.306463 14.885892 1.822389
-5.308941 4.450164 -9.016571
-4.667477 6.928202 -9.446474
5.170568 10.947915 4.758764
0.923878 6.033892 -4.814144
1.345043 3.247179 -4.800696
-2.584429 15.399230 -10.437648
6.855857 5.404398 -9.389720
2.580282 17.664310 -4.547458
5.981978 10.879210 3.171425
-9.080832 9.368200 -3.721148
-2.084477 12.431644 -10.598331
-4.665088 18.738423 -9.447949
-5.333103 16.989321 6.656532
2.296267 12.692938 -4.634734
6.061542 2.289225 -0.925121
1.966743 8.749310 -10.998061
4.541474 14.196437 -3.355812
2.226437 15.870746 -10.972161
2.332306 4.233499 7.169662
12.027696 3.977626 -2.761659
-4.366487 18.760619 7.176596
5.795998 19.757588 3.639374
2.272239 9.863567 13.787857
-9.036983 4.665667 1.844954
-9.033961 8.734317 1.854389
0.763086 19.982441 -4.809578
-7.658736 17.100308 -6.644629
12.583447 2.298288 0.244902
-2.685634 20.920717 -10.401795
5.580019 2.213475 -2.022930
2.767217 20.487768 6.943657
2.760204 5.524669 -4.482659
2.974962 11.068606 -4.395252
-8.779367 0.021907 -4.589136
-9.043795 7.092931 -3.843516
12.123802 12.847722 -2.443137
5.794785 18.265035 3.642120
2.519667 3.690914 -10.935507
8.281815 20.139109 10.629920
6.022988 2.559335 3.052254
-6.010399 11.431807 6.185915
6.531285 16.214999 -9.579295
-9.119176 15.513173 1.573426
5.944824 1.986161 3.273540
-8.426784 16.179402 -5.369478
-9.207340 0.841015 -3.250025
3.167052 17.359810 -4.307396
10.107866 5.148665 -6.463016
0.546687 10.285562 7.764467
-8.945831 13.530700 -4.142609
-6.326102 17.091082 -8.175213
12.286721 8.194313 3.824254
1.260206 4.879751 -4.806348
5.083849 16.659534 4.881945
9.603797 10.861707 -7.079492
11.551932 0.849184 -4.020169
5.697214 1.294694 3.853100
11.635970 8.371602 -3.825637
-0.603002 11.102332 -10.923799
-7.993868 15.305349 -6.139995
2.410665 19.432989 -10.950053
6.084029 15.303681 2.859626
0.764402 19.345938 -4.809637
1.352086 11.226095 -4.800160
-3.132339 7.158679 -10.229613
1.371420 20.671524 -11.034329
-2.822459 16.725259 7.704418
-3.540365 2.324457 7.501461
3.768097 8.396335 13.339899
12.567717 18.958160 1.978726
-0.124999 20.746243 7.868873
6.087492 16.740724 2.848055
-9.333065 16.892494 -2.646803
-9.476364 2.952096 -0.861765
-2.086251 5.104391 7.841228
6.285521 6.610747 1.969346
2.511186 8.777565 -10.936678
5.719812 20.352961 -1.760462
1.099860 2.443391 14.015766
-9.347294 6.358790 -2.563531
5.701110 2.924242 -1.797494
-1.181618 17.363267 7.914465
-1.612346 17.327486 -10.725859
12.420831 14.637214 3.154128
6.249946 8.825666 -0.189796
-3.138999 11.299620 7.623626
-1.823502 0.967049 7.873166
1.703416 20.631700 -4.760432
-9.442285 6.470391 -0.181868
2.940632 8.181917 -4.409978
-4.749927 19.805657 6.989653
-9.022913 3.304630 1.888595
8.839620 11.569949 -7.874908
-8.642206 20.160804 2.864871
4.074483 0.846719 -10.606663
2.819828 10.921633 -4.459508
-6.238881 2.363907 -8.256341
4.705150 18.698120 -3.193965
-0.691113 14.258969 -10.910448
0.498907 16.307674 14.092952
4.742509 18.544569 5.318369
10.395674 12.443098 8.188867
2.206113 11.491025 -4.658701
-0.354375 20.149673 7.890907
2.759474 15.890687 -10.899651
-3.491009 12.034838 -10.074276
3.071572 11.687356 6.762799
3.535200 5.371957 13.421861
1.206354 10.261097 -11.038704
12.443083 11.858296 3.020924
11.798115 20.919311 5.458664
11.405842 3.633971 6.397577
1.946003 12.863519 7.341325
7.390475 16.268934 11.369958
5.757598 5.769726 3.724786
9.682202 10.022679 -6.988974
1.884075 17.944435 -11.005019
4.476255 12.984625 13.061254
10.747350 14.569943 7.636492
-4.164141 7.142780 -9.738584
5.259105 4.868566 4.626865
12.570125 1.860482 1.947302
6.357669 1.391491 1.194320
-9.391228 3.904238 -2.271959
2.052324 14.867400 -4.695522
1.064636 3.237993 7.641749
-8.060638 12.011822 -6.031021
9.414564 13.256612 -7.290613
3.754059 20.771804 13.344972
5.314319 9.939596 -2.448828
-4.108834 9.608426 -9.768456
6.341223 5.845497 0.487770
11.593244 14.111223 -3.925700
1.963547 6.057178 -4.714474
3.960000 20.714260 6.107227
9.917580 9.220288 8.854606
4.380391 15.664300 13.101637
7.506321 2.547145 -8.965096
7.713553 9.361056 11.116525
6.343130 4.679760 1.465727
-8.002250 2.360993 -6.126485
10.625914 2.042044 7.834167
4.897408 1.668440 12.873571
3.620511 9.228981 13.392380
-1.421191 9.562439 7.905127
-4.547068 19.387853 7.091567
3.417623 17.518993 -4.178281
-3.735666 10.742910 -9.959144
11.878474 5.846520 5.236772
-8.183576 10.672341 3.736928
-7.990735 11.626602 4.044917
8.163738 1.061901 -8.468383
5.307545 19.078428 4.551836
12.422280 14.429086 -1.142198
6.316761 18.993858 0.241309
6.319585 14.254707 1.715202
2.909917 9.600093 -10.874436
6.359282 20.478221 0.840190
-1.902394 19.044756 -10.650241
4.974691 19.970230 -2.895619
-7.162908 5.515468 -7.288178
-9.301320 8.622380 -2.818647
-0.028610 7.472863 -10.992935
12.479389 8.445283 2.781928
-9.237974 8.838725 -3.119403
-0.523645 16.165735 -10.935194
12.260691 7.176532 -1.923920
11.540046 12.815976 -4.046952
1.464865 14.331471 -4.790187
6.277053 15.414745 2.022802
12.447598 8.847551 2.992788
2.403220 11.440713 -4.603985
3.128196 2.227780 -4.325926
9.280544 13.898781 -7.434187
11.105204 20.741925 -4.926348
12.016454 7.980683 -2.796991
-7.689079 15.364831 -6.601555
5.391702 15.832931 4.416192
-5.866981 16.827924 -8.582177
-6.167651 17.492214 6.062034
-8.477368 14.151686 3.205726
-1.406229 6.320380 7.905922
4.863884 9.699133 -3.023477
1.823994 5.422560 -4.740894
2.439008 13.373123 13.746880
-8.008105 8.220040 4.018289
12.503201 11.440464 2.605700
4.007672 2.975009 -3.801914
3.509443 12.836426 6.465664
-8.070420 7.980986 -6.014791
6.090745 17.541413 2.837116
1.754536 14.288748 -11.014673
0.276515 0.571049 7.813717
6.260122 9.040044 2.122045
0.708747 16.724262 -11.036969
3.367419 1.953635 6.567148
4.820326 13.128163 -3.071683
-5.092804 20.934813 6.801287
-5.092279 4.243678 -9.169523
-6.482319 12.821825 5.795445
1.781549 4.166599 -4.748118
4.308109 16.121061 -10.537012
2.937194 5.518016 -4.411437
-0.720359 14.580212 7.912052
2.461937 9.970113 -4.586023
0.443347 12.134554 7.784476
0.135752 17.626821 -4.739082
10.456847 10.104994 8.097029
-5.542384 18.218842 6.521372
5.420311 16.932290 -10.127731
-1.327013 12.454877 7.909660
-3.671566 20.774858 -9.990047
12.602866 17.343561 0.718984
-7.301564 18.566127 4.961770
-0.987514 13.868233 -10.860088
10.094633 11.716371 8.618098
6.237006 8.402133 2.244741
5.566178 3.429731 4.110163
1.071262 12.274632 7.639931
11.676960 14.590400 -3.727247
3.702935 7.551987 6.318855
-2.811565 15.203680 -10.355575
5.146285 7.817235 4.793831
3.577064 2.531585 -4.087063
7.272469 7.562428 -9.124940
6.240256 6.893067 2.228242
-2.059644 13.298631 7.844863
-7.938693 8.490501 -6.227756
-6.489171 15.430700 5.789347
6.146391 9.280546 12.211227
8.434940 7.293108 10.489064
1.702500 5.393221 7.436528
9.816331 9.991685 -6.829743
2.708505 12.097594 -4.502052
-0.340493 11.684360 -10.959227
4.453937 19.077547 13.070732
6.325011 15.940450 1.665920
4.153271 7.559932 5.934336
12.269577 16.322304 -1.886726
9.153118 8.778249 9.764966
6.335520 4.925525 1.558442
2.447178 0.643343 7.113472
0.875761 4.711586 7.690899
3.961388 17.634214 -3.835477
6.190301 12.917453 2.461116
12.436917 19.770242 -1.055982
3.083287 15.445731 6.755437
0.194973 19.353619 -4.749418
1.991943 6.030186 -10.995817
-6.427482 17.614264 -8.078504
3.593698 14.529755 6.402986
6.479576 20.570358 -9.608207
-6.783740 11.417459 -7.716508
0.742081 18.992436 7.722612
5.425656 15.026955 -2.280215
11.299071 15.749256 6.621820
5.723583 18.984747 3.797920
3.806644 19.421333 -3.942433
-5.996754 3.403431 -8.472031
12.443987 3.678356 3.015322
-6.304164 0.926566 5.949549
-8.086057 19.447227 -5.988701
8.111730 3.909797 -8.510390
6.230132 19.170332 -0.289001
7.992228 18.960445 -8.605077
10.249075 17.522644 -6.274223
-7.003551 18.608962 5.291416
6.091205 16.530049 -0.830892
11.877080 9.579851 -3.207620
7.392794 0.322244 -9.043738
-4.811112 17.898740 6.957549
-0.291616 17.935188 7.885556
5.586661 14.577016 4.071700
12.083156 20.259097 4.603473
5.574793 10.535757 -2.032152
6.133275 9.188442 2.687207
12.591707 0.603730 1.595948
6.058157 18.488099 -9.831137
11.583369 20.930472 5.997983
1.876588 7.920414 -4.731418
-7.424924 19.727913 4.814937
-3.419445 6.136191 -10.106526
-7.192908 18.111770 5.085887
11.682022 0.984034 -3.714927
11.360743 18.224148 -4.431500
2.367980 2.273582 -4.614396
-9.137667 6.999729 -3.521016
4.541361 12.108896 -10.461962
-8.808277 2.260680 2.478893
12.491070 1.190969 -0.697940
6.291405 1.340711 1.930395
-4.777907 0.493482 -9.377278
-2.823599 3.936355 -10.351064
-0.152364 8.696191 7.871860
8.271435 8.356958 10.639311
-9.437766 8.680218 -0.131189
12.417939 3.043935 3.170828
1.048516 20.302366 7.646145
-0.490230 3.203533 -10.939814
11.114562 14.552134 -4.909170
12.111635 19.644037 -2.485242
9.965180 20.127744 8.792096
10.101830 19.033193 8.608249
-4.694782 9.139545 -9.429542
-0.449804 11.805836 7.898073
-8.895415 15.489609 -4.285005
-3.237798 18.168750 7.595626
-7.021420 6.928503 5.272577
12.578525 4.768767 1.828408
6.335321 5.895210 0.418289
1.147101 11.296987 7.618667
-0.489415 16.898761 -10.939926
-3.112436 4.331052 -10.237779
-9.450701 17.093191 -0.285954
12.442251 9.602667 3.026062
11.928756 15.954655 5.091114
5.677653 17.453234 -1.843048
0.302655 9.479728 -11.018879
-6.277255 2.921640 -8.220879
-4.230484 3.119710 7.237199
-2.254681 4.238274 7.816122
-7.832460 15.570832 4.278438
-8.186187 5.029292 3.732559
3.654723 17.148807 13.380382
-2.383724 12.733934 -10.505403
12.203453 14.597579 -2.152299
6.043603 2.720939 -9.838442
3.950576 18.703008 -10.641395
4.803527 11.923410 -3.089980
-4.889387 19.235659 6.915535
5.023211 2.755955 4.964841
-2.962498 16.483219 7.670338
6.864241 17.577989 -9.384633
0.026733 7.670640 -4.717979
-0.216954 16.116848 -10.973662
6.189452 0.324166 2.464748
3.898670 3.125882 6.159538
8.597834 15.448078 -8.097832
-7.254997 15.628056 -7.176463
9.040084 15.500407 9.886453
-2.441097 19.146503 7.784079
3.233969 18.756705 -10.812933
9.452144 20.960847 9.428308
3.696429 7.510384 -4.013888
3.040415 8.461617 13.580743
-6.306353 7.339318 -8.193748
-9.464971 4.714229 -1.478150
-3.384864 5.643644 -10.121883
9.165054 18.245750 -7.554172
-2.353303 17.180456 7.799729
0.469542 6.659055 -4.787187
-4.928619 6.036512 -9.279708
8.722977 8.106772 -7.984011
3.574287 6.046934 -4.088714
-0.489286 11.677007 7.900696
3.166632 8.107158 6.702161
-8.839598 20.920421 2.400141
5.603147 16.401878 -1.981649
11.816173 15.993066 -3.373400
1.930570 0.180606 -11.001182
1.291963 12.828779 -11.036743
6.327119 1.793039 0.334034
-9.413634 13.206934 -2.093460
1.174151 0.248753 14.004386
2.030680 2.593144 13.843369
5.299330 9.954937 -2.470581
5.542860 11.125369 12.551951
-3.453513 1.228355 7.529803
2.413727 11.046564 7.130087
-9.472961 4.190848 -0.708108
0.554201 15.092170 7.762955
-6.971562 13.521220 -7.510380
1.180069 19.024183 -4.810325
1.425892 0.208505 -11.032344
6.309479 7.348517 1.799017
-3.931406 15.402559 -9.861449
6.310577 2.006921 0.191192
2.210886 4.250506 -4.657476
6.881891 13.717912 11.738282
-7.120357 4.933415 5.166199
3.761495 16.382345 6.272373
-1.655003 4.676247 7.889040
-8.677114 5.971716 -4.834720
3.016349 15.971940 13.587953
0.532626 5.771002 7.767275
1.874331 19.717005 -11.005798
1.451115 0.429863 13.958352
9.544024 19.714541 9.320114
-2.746957 9.470000 -10.379511
-9.453774 3.355866 -1.662681
1.530017 2.319568 -11.027803
-8.983496 20.010259 2.007061
2.949242 0.200522 6.837871
2.136986 6.697180 7.259714
3.264152 13.200383 -4.259363
3.731932 14.019212 6.295961
2.923115 6.586016 -4.417380
-4.466230 5.085913 7.130283
2.318774 18.783120 7.176122
5.583527 15.302414 -2.016720
0.633553 3.115546 -11.034753
5.373651 5.094679 -2.360569
-8.329967 14.016270 3.482834
4.128035 18.198918 5.957632
-4.967954 0.281701 6.872285
2.420898 3.582008 13.751436
11.080847 6.906496 -4.970747
-9.459422 5.052135 -0.413367
6.245743 10.284736 2.199858
-6.383435 15.708120 -8.120846
2.621554 4.143547 7.023428
5.452831 17.334252 4.313061
4.896107 6.833089 5.130719
5.418673 7.761052 -2.291176
11.107862 5.987323 -4.921474
-9.349374 8.947055 0.552906
-4.081586 13.430914 7.300245
5.572901 11.853142 -2.035480
-7.958327 12.510449 4.094050
0.866817 5.053701 14.048829
0.462075 3.210850 -4.786378
-3.821770 12.084558 -9.916791
-9.227698 5.989001 1.157416
0.816953 16.515008 14.055386
1.915513 10.350414 -4.724031
-7.212791 12.325558 -7.228067
2.451453 18.607143 -10.944738
2.114383 17.835051 -4.681276
11.958834 8.384193 -2.972579
-9.289800 20.686592 -2.877041
2.804376 0.111089 -4.465589
-6.836152 16.754510 5.462604
5.659064 6.924483 3.930761
5.058423 20.438589 4.917015
-4.501129 11.615624 7.113699
-0.894698 6.557421 -10.876765
5.513510 6.232577 4.206451
3.117607 8.080471 -4.330909
-5.196077 20.077570 -9.097277
0.375910 15.715735 7.796748
-3.752474 18.565219 -9.950952
-8.722712 8.149447 2.683895
-8.415189 16.351069 -5.392369
11.429384 11.699290 6.346608
-8.551901 17.987225 -5.112561
12.589020 3.516264 0.344570
7.950402 2.878842 -8.637624
7.246609 4.239111 -9.142108
2.748283 8.919835 -4.487187
6.201101 9.368501 -0.421100
-4.582226 14.677440 7.074395
1.682954 17.893173 -11.019355
5.231551 18.519066 4.668617
10.577521 17.641384 7.910818
-5.746423 20.724950 -8.681275
0.125027 9.287793 -4.737126
0.100127 20.013569 14.129726
-4.581103 18.866998 7.074947
1.246246 5.158196 13.992952
6.160128 11.814898 -0.587585
2.809434 4.259016 -4.463605
-5.598590 3.288234 -8.798728
7.168834 17.251301 -9.193146
0.786475 2.182278 -4.810578
-5.218157 5.631308 6.727131
3.287246 8.820666 -4.247571
0.017147 3.964900 14.135944
-8.671576 1.073852 -4.847507
-5.877959 11.130086 6.285743
5.527510 5.833244 -2.113862
-1.112353 6.526620 -10.836340
