0.8421052631578949 0.191699604743083 0.572192513368984 0.2577319587628866 0.6195652173913043 0.6275862068965516 0.5738396624472574 0.28301886792452835 0.5930599369085174 0.37201365187713303 0.4552845528455285 0.9706959706959707 0.5613409415121255 
0.5710526315789473 0.2055335968379447 0.4171122994652407 0.030927835051546376 0.32608695652173914 0.5758620689655173 0.510548523206751 0.24528301886792453 0.2744479495268139 0.26450511945392485 0.46341463414634154 0.7802197802197802 0.550641940085592 
0.5605263157894738 0.3201581027667984 0.7005347593582887 0.4123711340206187 0.33695652173913043 0.6275862068965516 0.6118143459915613 0.320754716981132 0.7570977917981072 0.3754266211604095 0.4471544715447155 0.6959706959706959 0.6469329529243937 
0.8789473684210525 0.2391304347826087 0.6096256684491979 0.31958762886597947 0.4673913043478261 0.9896551724137932 0.6645569620253166 0.2075471698113207 0.5583596214511042 0.5563139931740614 0.3089430894308943 0.7985347985347986 0.8573466476462197 
0.5815789473684212 0.36561264822134387 0.8074866310160428 0.5360824742268042 0.5217391304347826 0.6275862068965516 0.4957805907172996 0.49056603773584906 0.4447949526813881 0.2593856655290102 0.4552845528455285 0.6080586080586081 0.325962910128388 
0.8342105263157893 0.20158102766798422 0.5828877005347595 0.23711340206185566 0.45652173913043476 0.7896551724137931 0.6434599156118144 0.39622641509433965 0.49211356466876977 0.46672354948805456 0.46341463414634154 0.5787545787545788 0.8359486447931527 
0.8842105263157897 0.22332015810276684 0.5828877005347595 0.2061855670103093 0.2826086956521739 0.5241379310344828 0.459915611814346 0.320754716981132 0.49526813880126186 0.3387372013651877 0.4390243902439025 0.8461538461538461 0.7218259629101283 
0.7973684210526317 0.27865612648221344 0.6684491978609625 0.36082474226804134 0.5543478260869565 0.5586206896551724 0.45780590717299574 0.33962264150943394 0.26498422712933756 0.3216723549488054 0.47154471544715454 0.8461538461538461 0.7253922967189729 
1.0 0.17786561264822134 0.4331550802139037 0.17525773195876293 0.29347826086956524 0.6275862068965516 0.5569620253164557 0.3018867924528301 0.49526813880126186 0.33447098976109213 0.4878048780487806 0.5787545787545788 0.5470756062767475 
0.744736842105263 0.12055335968379449 0.48663101604278075 0.2783505154639176 0.30434782608695654 0.6896551724137931 0.5928270042194093 0.16981132075471697 0.4542586750788644 0.5068259385665528 0.43089430894308944 0.8351648351648351 0.5470756062767475 
0.8078947368421052 0.2806324110671937 0.5026737967914437 0.3814432989690722 0.3804347826086957 0.6793103448275863 0.6286919831223629 0.16981132075471697 0.6214511041009464 0.3813993174061433 0.6260162601626017 0.6959706959706959 0.8787446504992867 
0.813157894736842 0.14624505928853757 0.5133689839572192 0.31958762886597947 0.2717391304347826 0.42068965517241386 0.44092827004219415 0.24528301886792453 0.36593059936908523 0.31740614334470985 0.5609756097560975 0.5677655677655677 0.7146932952924394 
0.7157894736842105 0.1956521739130435 0.5614973262032086 0.2783505154639176 0.20652173913043478 0.5586206896551724 0.510548523206751 0.3018867924528301 0.44164037854889593 0.3686006825938566 0.5447154471544715 0.5970695970695971 0.7432239657631954 
0.9789473684210526 0.1956521739130435 0.5508021390374332 0.041237113402061897 0.22826086956521738 0.7310344827586207 0.7067510548523207 0.5660377358490566 0.7570977917981072 0.3515358361774744 0.6260162601626017 0.5347985347985348 0.6219686162624821 
0.8815789473684212 0.22332015810276684 0.5454545454545454 0.07216494845360827 0.34782608695652173 0.7999999999999999 0.6962025316455697 0.3018867924528301 0.804416403785489 0.530716723549488 0.5853658536585366 0.6336996336996337 0.9051355206847361 
0.6842105263157897 0.2114624505928854 0.716577540106952 0.3402061855670103 0.45652173913043476 0.6448275862068966 0.5421940928270043 0.320754716981132 0.3312302839116719 0.5136518771331058 0.6504065040650407 0.5897435897435896 0.7360912981455064 
0.8605263157894739 0.233201581027668 0.7272727272727274 0.48453608247422686 0.5434782608695652 0.6275862068965516 0.5907172995780591 0.37735849056603776 0.49211356466876977 0.4197952218430034 0.47967479674796754 0.5054945054945055 0.7146932952924394 
0.736842105263158 0.1640316205533597 0.6737967914438503 0.48453608247422686 0.4891304347826087 0.6793103448275863 0.6455696202531646 0.5094339622641509 0.4132492113564669 0.45392491467576784 0.5284552845528455 0.4761904761904761 0.6077032810271041 
0.831578947368421 0.1679841897233202 0.5989304812834224 0.3041237113402062 0.41304347826086957 0.7999999999999999 0.7573839662447258 0.3584905660377358 0.4574132492113565 0.6331058020477814 0.6097560975609756 0.5677655677655677 1.0 
0.686842105263158 0.46640316205533605 0.6417112299465241 0.23711340206185566 0.5 0.5931034482758621 0.5675105485232067 0.07547169811320756 0.3943217665615142 0.32593856655290093 0.3902439024390244 0.7655677655677655 0.4044222539229672 
0.7973684210526317 0.1758893280632411 0.4919786096256683 0.2783505154639176 0.6086956521739131 0.6965517241379311 0.5970464135021097 0.2075471698113207 0.5331230283911672 0.3728668941979522 0.4959349593495936 0.8937728937728937 0.35805991440798857 
0.5 0.6047430830039525 0.6898395721925134 0.4123711340206187 0.34782608695652173 0.49310344827586217 0.4367088607594937 0.22641509433962262 0.49526813880126186 0.27474402730375425 0.4471544715447155 0.8241758241758241 0.3509272467902996 
0.7052631578947371 0.2213438735177866 0.53475935828877 0.30927835051546404 0.33695652173913043 0.5620689655172414 0.5358649789029536 0.2641509433962264 0.4037854889589906 0.21501706484641633 0.5121951219512196 1.0 0.5399429386590585 
0.4789473684210526 0.16996047430830044 0.6203208556149733 0.37113402061855677 0.2717391304347826 0.5172413793103449 0.42827004219409287 0.24528301886792453 0.3312302839116719 0.22610921501706485 0.4959349593495936 0.8644688644688644 0.5256776034236804 
0.65 0.2114624505928854 0.6684491978609625 0.48453608247422686 0.2826086956521739 0.5344827586206896 0.47890295358649787 0.28301886792452835 0.3943217665615142 0.19112627986348124 0.5203252032520326 0.934065934065934 0.4044222539229672 
0.5315789473684213 0.25889328063241107 0.9946524064171124 0.7422680412371134 0.5869565217391305 0.5689655172413793 0.4936708860759494 0.641509433962264 0.4763406940063092 0.19624573378839588 0.5284552845528455 0.706959706959707 0.39372325249643364 
0.6210526315789475 0.20355731225296445 0.6737967914438503 0.28350515463917536 0.25 0.6448275862068966 0.5485232067510548 0.39622641509433965 0.3280757097791798 0.3003412969283276 0.3577235772357724 0.7142857142857143 0.6540656205420827 
0.5973684210526318 0.19367588932806326 0.4171122994652407 0.3298969072164949 0.2608695652173913 0.4896551724137931 0.390295358649789 0.2641509433962264 0.2965299684542587 0.22781569965870305 0.4390243902439025 0.5494505494505495 0.7182596291012838 
0.7473684210526313 0.22924901185770752 0.7700534759358287 0.4536082474226804 0.40217391304347827 0.6793103448275863 0.5548523206751055 0.45283018867924524 0.42586750788643535 0.27474402730375425 0.6260162601626017 0.7802197802197802 0.4543509272467903 
0.7868421052631578 0.1857707509881423 0.4545454545454545 0.2783505154639176 0.2826086956521739 0.5758620689655173 0.41983122362869196 0.24528301886792453 0.49526813880126186 0.2918088737201365 0.4552845528455285 0.8498168498168498 0.5399429386590585 
0.7105263157894738 0.15019762845849804 0.716577540106952 0.6134020618556701 0.33695652173913043 0.6965517241379311 0.6139240506329114 0.3018867924528301 0.6214511041009464 0.37713310580204773 0.5772357723577236 0.5274725274725275 0.7182596291012838 
0.6710526315789475 0.18181818181818182 0.53475935828877 0.4381443298969073 0.391304347826087 0.6482758620689655 0.6012658227848101 0.16981132075471697 0.4858044164037855 0.47952218430034127 0.4959349593495936 0.5897435897435896 0.8823109843081313 
0.6973684210526315 0.21541501976284588 0.53475935828877 0.3402061855670103 0.3695652173913043 0.496551724137931 0.4957805907172996 0.5471698113207547 0.49211356466876977 0.21843003412969278 0.6097560975609756 0.5860805860805861 0.5078459343794579 
0.718421052631579 0.15612648221343875 0.716577540106952 0.4587628865979382 0.6739130434782609 0.6793103448275863 0.5063291139240507 0.6981132075471698 0.2965299684542587 0.3515358361774744 0.6260162601626017 0.6336996336996337 0.6825962910128388 
0.6526315789473685 0.20948616600790518 0.6898395721925134 0.43298969072164956 0.43478260869565216 0.47241379310344833 0.46202531645569617 0.3018867924528301 0.3564668769716089 0.24914675767918087 0.5040650406504066 0.5860805860805861 0.5827389443651926 
0.6447368421052633 0.2114624505928854 0.5614973262032086 0.5103092783505155 0.32608695652173914 0.5931034482758621 0.5569620253164557 0.24528301886792453 0.4574132492113565 0.32593856655290093 0.4552845528455285 0.8058608058608059 0.4579172610556348 
0.5921052631578946 0.17786561264822134 0.7914438502673796 0.2525773195876289 0.43478260869565216 0.5586206896551724 0.4936708860759494 0.39622641509433965 0.29968454258675087 0.28327645051194533 0.4959349593495936 0.553113553113553 0.42938659058487877 
0.5315789473684213 0.17984189723320157 0.6363636363636362 0.3814432989690722 0.30434782608695654 0.5068965517241381 0.44092827004219415 0.3018867924528301 0.32492113564668773 0.2534129692832764 0.5203252032520326 0.45421245421245415 0.5898716119828816 
0.536842105263158 0.15019762845849804 0.39572192513368987 0.2525773195876289 0.30434782608695654 0.4896551724137931 0.48523206751054854 0.28301886792452835 0.30283911671924296 0.20648464163822525 0.5691056910569106 0.5201465201465201 0.5292439372325249 
0.8394736842105265 0.6422924901185771 0.6149732620320855 0.13402061855670103 0.6304347826086957 0.6965517241379311 0.569620253164557 0.1320754716981132 0.526813880126183 0.32593856655290093 0.33333333333333337 0.8278388278388278 0.3437945791726106 
0.6657894736842107 0.191699604743083 0.5080213903743316 0.288659793814433 0.5108695652173914 0.7482758620689656 0.6223628691983123 0.39622641509433965 0.6088328075709779 0.41382252559726956 0.38211382113821135 0.7728937728937728 0.36875891583452214 
0.6263157894736843 0.6126482213438735 0.40641711229946526 0.42268041237113413 0.21739130434782608 0.5068965517241381 0.4936708860759494 0.2641509433962264 0.33753943217665616 0.25597269624573377 0.3495934959349594 0.6336996336996337 0.5399429386590585 
0.7500000000000002 0.22727272727272727 0.6577540106951871 0.22680412371134023 0.33695652173913043 0.7827586206896552 0.679324894514768 0.07547169811320756 0.4069400630914827 0.3540955631399317 0.3252032520325204 0.8388278388278388 0.5827389443651926 
0.5815789473684212 0.6403162055335969 0.49732620320855614 0.3556701030927836 0.358695652173913 0.5724137931034483 0.4831223628691983 0.3584905660377358 0.3943217665615142 0.26279863481228666 0.2764227642276423 0.6336996336996337 0.2867332382310984 
0.5315789473684213 0.20355731225296445 0.39572192513368987 0.3298969072164949 0.40217391304347827 0.6965517241379311 0.5611814345991561 0.28301886792452835 0.5110410094637223 0.3208191126279863 0.3252032520325204 0.761904761904762 0.43295292439372324 
0.8368421052631582 0.6521739130434783 0.5775401069518716 0.42783505154639173 0.44565217391304346 0.6448275862068966 0.4873417721518987 0.320754716981132 0.26498422712933756 0.3378839590443686 0.3170731707317073 0.7545787545787546 0.572039942938659 
0.8815789473684212 0.5632411067193676 0.4919786096256683 0.2783505154639176 0.34782608695652173 0.7827586206896552 0.5970464135021097 0.2641509433962264 0.5615141955835963 0.30887372013651876 0.4552845528455285 0.7948717948717948 0.5613409415121255 
0.755263157894737 0.1857707509881423 0.40641711229946526 0.2783505154639176 0.33695652173913043 0.7310344827586207 0.6434599156118144 0.15094339622641506 0.5457413249211357 0.4112627986348122 0.3495934959349594 0.7545787545787546 0.5042796005706134 
0.8078947368421052 0.2529644268774704 0.5561497326203207 0.42268041237113413 0.358695652173913 0.6103448275862069 0.5443037974683544 0.3584905660377358 0.6214511041009464 0.4197952218430034 0.47967479674796754 0.5421245421245421 0.557774607703281 
0.7657894736842105 0.1956521739130435 0.48663101604278075 0.35051546391752575 0.41304347826086957 0.6551724137931034 0.6751054852320675 0.3584905660377358 0.526813880126183 0.6501706484641638 0.5203252032520326 0.6703296703296704 0.7004279600570613 
0.5315789473684213 0.1956521739130435 0.36363636363636365 0.09278350515463922 0.2391304347826087 0.6000000000000001 0.6181434599156118 0.07547169811320756 0.7886435331230284 0.5051194539249146 0.5203252032520326 0.6007326007326008 0.6219686162624821 
0.736842105263158 0.17984189723320157 0.6631016042780749 0.3402061855670103 0.2608695652173913 0.5068965517241381 0.559071729957806 0.16981132075471697 0.5930599369085174 0.3686006825938566 0.6178861788617886 0.7692307692307693 0.7039942938659058 
0.7342105263157895 0.19960474308300397 0.5668449197860962 0.17525773195876293 0.44565217391304346 1.0 0.7172995780590717 0.3584905660377358 0.46056782334384866 0.4923208191126279 0.43089430894308944 0.7289377289377289 0.6504992867332382 
0.7210526315789473 0.22924901185770752 0.7058823529411765 0.3350515463917527 0.4891304347826087 0.6965517241379311 0.5168776371308017 0.49056603773584906 0.40063091482649843 0.42832764505119447 0.5284552845528455 0.6080586080586081 0.782453637660485 
0.7131578947368422 0.18379446640316205 0.4759358288770053 0.29896907216494845 0.5217391304347826 0.5586206896551724 0.540084388185654 0.15094339622641506 0.3817034700315458 0.3899317406143344 0.3577235772357724 0.706959706959707 0.557774607703281 
0.6657894736842107 0.1956521739130435 0.5882352941176471 0.5103092783505155 0.5 0.6827586206896552 0.5147679324894514 0.1320754716981132 0.6435331230283912 0.42406143344709896 0.4065040650406504 0.6446886446886446 0.6005706134094151 
0.8394736842105265 0.18972332015810278 0.5026737967914437 0.2938144329896908 0.5217391304347826 0.7655172413793104 0.5611814345991561 0.24528301886792453 0.5110410094637223 0.43515358361774736 0.37398373983739835 0.7472527472527473 0.49358059914407987 
0.594736842105263 0.24308300395256918 0.7058823529411765 0.31958762886597947 0.34782608695652173 0.6965517241379311 0.609704641350211 0.33962264150943394 0.3943217665615142 0.4027303754266211 0.47967479674796754 0.575091575091575 0.7075606276747504 
0.7078947368421055 0.13636363636363635 0.6096256684491979 0.31443298969072164 0.41304347826086957 0.8344827586206897 0.7025316455696202 0.11320754716981131 0.5141955835962145 0.4709897610921501 0.33333333333333337 0.5860805860805861 0.7182596291012838 
0.3526315789473683 0.03952569169960474 0.0 0.0 0.1956521739130435 0.3448275862068966 0.048523206751054836 0.28301886792452835 0.0031545741324921165 0.057167235494880536 0.46341463414634154 0.20146520146520147 0.17261055634807418 
0.34210526315789486 0.07114624505928856 0.4919786096256683 0.2783505154639176 0.33695652173913043 0.36896551724137927 0.1582278481012658 0.9433962264150942 0.0 0.1697952218430034 0.6260162601626017 0.1465201465201465 0.2867332382310984 
0.42368421052631605 0.12252964426877473 0.3529411764705882 0.31958762886597947 0.32608695652173914 0.35862068965517246 0.22573839662447254 0.7547169811320755 0.06624605678233439 0.3813993174061433 0.4065040650406504 0.11721611721611724 0.12268188302425106 
0.6947368421052632 0.10079051383399211 0.29946524064171115 0.3814432989690722 0.2608695652173913 0.3862068965517242 0.3059071729957806 0.3584905660377358 0.10094637223974764 0.21501706484641633 0.6097560975609756 0.4358974358974359 0.25106990014265335 
0.3526315789473683 0.07707509881422923 0.4278074866310161 0.43298969072164956 0.18478260869565216 0.8689655172413794 0.5822784810126582 0.11320754716981131 0.46056782334384866 0.2704778156996587 0.6016260162601627 0.5860805860805861 0.10128388017118402 
0.3000000000000001 0.14031620553359683 0.6256684491978608 0.43298969072164956 0.3695652173913043 0.3137931034482758 0.2974683544303797 0.6037735849056604 0.19558359621451107 0.14249146757679182 0.7886178861788617 0.3516483516483516 0.05492154065620542 
0.3526315789473683 0.09288537549407115 0.6417112299465241 0.38659793814433 0.30434782608695654 0.496551724137931 0.4873417721518987 0.45283018867924524 0.526813880126183 0.28327645051194533 0.5772357723577236 0.3772893772893772 0.28530670470756064 
0.5473684210526315 0.05335968379446641 0.18181818181818174 0.22680412371134023 0.08695652173913043 0.6896551724137931 0.5991561181434599 0.24528301886792453 0.5899053627760252 0.3430034129692832 0.5203252032520326 0.6996336996336997 0.15977175463623394 
0.3526315789473683 0.08498023715415019 0.29946524064171115 0.463917525773196 0.08695652173913043 0.3896551724137931 0.35021097046413496 0.2641509433962264 0.1987381703470032 0.2901023890784982 0.5203252032520326 0.8095238095238095 0.16547788873038516 
0.6078947368421053 0.03952569169960474 0.53475935828877 0.3298969072164949 0.43478260869565216 0.5344827586206896 0.20253164556962025 0.7924528301886793 0.0031545741324921165 0.16126279863481227 0.4390243902439025 0.24175824175824173 0.33666191155492153 
0.31052631578947404 0.08893280632411067 0.2085561497326203 0.31958762886597947 0.8804347826086957 0.30000000000000004 0.19831223628691982 0.018867924528301903 0.6593059936908517 0.13395904436860068 0.6504065040650407 0.6593406593406593 0.31383737517831667 
0.3315789473684209 0.17193675889328067 0.4545454545454545 0.5051546391752577 0.358695652173913 0.04137931034482763 0.14345991561181431 0.45283018867924524 0.3312302839116719 0.1510238907849829 0.3463414634146342 0.20146520146520147 0.4222539229671897 
0.744736842105263 0.15217391304347827 0.7005347593582887 0.7422680412371134 0.17391304347826086 0.6793103448275863 0.5316455696202531 0.15094339622641506 0.46056782334384866 0.17918088737201363 0.7154471544715448 0.6923076923076924 0.09415121255349501 
0.6473684210526317 0.18181818181818182 0.47058823529411775 0.6907216494845362 0.18478260869565216 0.31034482758620685 0.3164556962025316 0.2641509433962264 0.19558359621451107 0.2098976109215017 0.4065040650406504 0.553113553113553 0.1383737517831669 
0.5157894736842107 0.18379446640316205 0.6631016042780749 1.0 0.75 0.7999999999999999 0.5379746835443038 0.15094339622641506 0.4889589905362776 0.17662116040955633 0.6747967479674798 0.8168498168498168 0.5042796005706134 
0.2447368421052635 0.06916996047430832 0.5026737967914437 0.5360824742268042 0.33695652173913043 0.8275862068965517 0.37974683544303794 0.0 0.3911671924290221 0.16467576791808872 0.41463414634146345 0.6813186813186812 0.43366619115549215 
0.1657894736842107 0.22529644268774704 0.29946524064171115 0.2783505154639176 0.29347826086956524 0.21724137931034487 0.25949367088607594 0.39622641509433965 0.2334384858044164 0.21501706484641633 0.6097560975609756 0.3186813186813187 0.10699001426533523 
0.5263157894736841 0.031620553359683806 0.18716577540106946 0.2783505154639176 0.17391304347826086 0.33448275862068966 0.3565400843881856 0.2075471698113207 0.3312302839116719 0.28327645051194533 0.5772357723577236 0.4432234432234432 0.08131241084165478 
0.21315789473684219 0.4249011857707511 0.4652406417112299 0.3814432989690722 0.45652173913043476 0.25517241379310346 0.20675105485232068 0.5660377358490566 0.17034700315457416 0.11689419795221842 0.3902439024390244 0.45787545787545786 0.15834522111269614 
0.34210526315789486 0.049407114624505935 0.31550802139037426 0.2164948453608248 0.717391304347826 0.3172413793103448 0.31856540084388185 0.4150943396226414 0.7413249211356466 0.18088737201365188 0.47154471544715454 0.380952380952381 0.33666191155492153 
0.43947368421052624 0.6185770750988142 0.5561497326203207 0.6391752577319588 0.33695652173913043 0.6379310344827587 0.4662447257383966 0.5660377358490566 0.4858044164037855 0.1100682593856655 0.5772357723577236 0.6813186813186812 0.13195435092724678 
0.25526315789473697 0.03557312252964428 0.3422459893048128 0.43298969072164956 0.17391304347826086 0.496551724137931 0.40506329113924044 0.320754716981132 0.3217665615141956 0.10409556313993173 0.7317073170731707 0.6776556776556777 0.0 
0.44473684210526343 0.2114624505928854 0.4491978609625669 0.42268041237113413 0.17391304347826086 0.42068965517241386 0.46202531645569617 0.24528301886792453 0.4290220820189275 0.2235494880546075 0.5528455284552846 0.684981684981685 0.31098430813124106 
0.27631578947368435 0.07707509881422923 0.6149732620320855 0.6907216494845362 0.08695652173913043 0.3517241379310345 0.26160337552742613 0.5094339622641509 0.31230283911671924 0.07849829351535836 0.6747967479674798 0.5311355311355312 0.25106990014265335 
0.5315789473684213 0.6166007905138341 0.5133689839572192 0.6134020618556701 0.16304347826086957 0.23103448275862068 0.26371308016877637 0.9056603773584905 0.3817034700315458 0.3003412969283276 0.2926829268292683 0.271062271062271 0.16904422253922968 
0.21315789473684219 0.029644268774703563 0.6524064171122995 0.3814432989690722 0.2608695652173913 0.42068965517241386 0.3945147679324894 0.16981132075471697 0.6119873817034701 0.1510238907849829 0.2520325203252033 0.663003663003663 0.17261055634807418 
0.4315789473684211 0.047430830039525695 0.47058823529411775 0.3814432989690722 0.31521739130434784 0.42068965517241386 0.3375527426160337 0.320754716981132 0.3312302839116719 0.11433447098976109 0.6097560975609756 0.6923076923076924 0.12268188302425106 
0.2973684210526317 0.17193675889328067 0.5080213903743316 0.6288659793814434 0.21739130434782608 0.27586206896551724 0.28481012658227844 0.5660377358490566 0.36277602523659314 0.09982935153583619 0.6910569105691058 0.36263736263736257 0.15477888730385164 
0.16315789473684233 0.18379446640316205 0.6737967914438503 0.7938144329896908 0.1956521739130435 0.32413793103448274 0.2679324894514768 0.5094339622641509 0.2933753943217666 0.11262798634812286 0.7154471544715448 0.7106227106227107 0.20256776034236804 
0.16052631578947396 0.26086956521739135 0.5882352941176471 0.5670103092783506 0.15217391304347827 0.33448275862068966 0.28481012658227844 0.660377358490566 0.2965299684542587 0.1296928327645051 0.42276422764227645 0.5421245421245421 0.2867332382310984 
0.27631578947368435 0.11660079051383401 0.5026737967914437 0.6701030927835053 0.0 0.42068965517241386 0.26371308016877637 0.5471698113207547 0.305993690851735 0.039249146757679175 0.47967479674796754 0.7106227106227107 0.24750356633380885 
0.27631578947368435 0.21541501976284588 0.5133689839572192 0.4072164948453609 0.11956521739130435 0.2137931034482759 0.24472573839662445 0.7358490566037735 0.38801261829653 0.09556313993174059 0.4878048780487806 0.3663003663003663 0.14407988587731813 
0.25526315789473697 0.15217391304347827 0.5668449197860962 0.5876288659793815 0.17391304347826086 0.16206896551724137 0.19198312236286919 0.6981132075471698 0.38485804416403785 0.19795221843003413 0.46341463414634154 0.5054945054945055 0.12268188302425106 
0.43684210526315786 0.15612648221343875 0.4812834224598929 0.520618556701031 0.10869565217391304 0.1379310344827586 0.2362869198312236 0.8490566037735848 0.3817034700315458 0.1510238907849829 0.3902439024390244 0.2893772893772894 0.15477888730385164 
0.3315789473684209 0.41304347826086957 0.4598930481283423 0.3814432989690722 0.1956521739130435 0.5068965517241381 0.40295358649789026 0.22641509433962262 0.49842271293375395 0.07423208191126278 0.5447154471544715 0.7435897435897435 0.008559201141226819 
0.15526315789473677 0.24703557312252966 0.4919786096256683 0.3814432989690722 0.30434782608695654 0.703448275862069 0.40506329113924044 0.07547169811320756 0.2965299684542587 0.16808873720136516 0.5528455284552846 0.6190476190476191 0.04778887303851641 
0.3789473684210529 0.15415019762845852 0.4491978609625669 0.43298969072164956 1.0 0.5241379310344828 0.4071729957805907 0.3584905660377358 0.9053627760252365 0.11262798634812286 0.5528455284552846 0.4981684981684981 0.47004279600570614 
0.2052631578947371 0.27272727272727276 0.7379679144385027 0.5618556701030929 0.6956521739130435 0.2137931034482759 0.13713080168776368 0.018867924528301903 0.36277602523659314 0.10409556313993173 0.38211382113821135 0.36263736263736257 0.24750356633380885 
0.3315789473684209 0.13241106719367587 0.33155080213903737 0.2783505154639176 0.16304347826086957 0.5413793103448276 0.45569620253164556 0.3018867924528301 0.4290220820189275 0.13822525597269622 0.6097560975609756 0.5384615384615385 0.10699001426533523 
0.3526315789473683 0.06521739130434785 0.39572192513368987 0.4072164948453609 0.1956521739130435 0.8758620689655173 0.7194092827004219 0.2075471698113207 0.4858044164037855 0.27474402730375425 0.4552845528455285 0.5494505494505495 0.2724679029957204 
0.3315789473684209 0.48023715415019763 0.4545454545454545 0.3814432989690722 0.1956521739130435 0.6448275862068966 0.559071729957806 0.6037735849056604 0.7570977917981072 0.08703071672354946 0.7642276422764227 0.5714285714285714 0.0912981455064194 
0.27631578947368435 0.2648221343873518 0.18181818181818174 0.3556701030927836 0.29347826086956524 0.4310344827586207 0.38607594936708856 0.24528301886792453 0.31230283911671924 0.1723549488054607 0.6422764227642277 0.6190476190476191 0.30813124108416545 
0.4131578947368421 0.11857707509881425 0.28877005347593576 0.4072164948453609 0.1956521739130435 0.16206896551724137 0.2151898734177215 0.3018867924528301 0.2965299684542587 0.09982935153583619 0.4552845528455285 0.5494505494505495 0.20256776034236804 
0.34473684210526323 0.3379446640316206 0.5882352941176471 0.5360824742268042 0.30434782608695654 0.5448275862068966 0.3734177215189873 0.39622641509433965 0.2839116719242903 0.1296928327645051 0.2601626016260163 0.7728937728937728 0.11412268188302425 
0.20789473684210547 0.19367588932806326 0.2780748663101603 0.4587628865979382 0.17391304347826086 0.5241379310344828 0.27426160337552735 0.45283018867924524 0.3186119873817035 0.06655290102389079 0.37398373983739835 0.42857142857142855 0.09771754636233952 
0.38947368421052636 0.1956521739130435 0.33155080213903737 0.5103092783505155 0.16304347826086957 0.42068965517241386 0.33333333333333326 0.3584905660377358 0.33753943217665616 0.1416382252559727 0.4552845528455285 0.8424908424908424 0.2810271041369472 
0.3657894736842106 0.3577075098814229 0.48663101604278075 0.5876288659793815 0.21739130434782608 0.24137931034482757 0.3164556962025316 1.0 0.3186119873817035 0.121160409556314 0.3089430894308943 0.7435897435897435 0.026390870185449358 
0.3210526315789475 0.1956521739130435 0.40641711229946526 0.43298969072164956 0.10869565217391304 0.23103448275862068 0.3565400843881856 0.45283018867924524 0.38485804416403785 0.18088737201365188 0.42276422764227645 0.6959706959706959 0.16547788873038516 
0.44473684210526343 0.19960474308300397 0.4919786096256683 0.6134020618556701 0.15217391304347827 0.1379310344827586 0.2995780590717299 0.660377358490566 0.38485804416403785 0.1723549488054607 0.3252032520325204 0.4212454212454212 0.14978601997146934 
0.31315789473684236 0.10869565217391305 0.3101604278074866 0.43298969072164956 0.2391304347826087 0.4758620689655172 0.3586497890295358 0.49056603773584906 0.526813880126183 0.121160409556314 0.3089430894308943 0.6410256410256411 0.024251069900142655 
0.15263157894736842 0.12055335968379449 0.716577540106952 0.48453608247422686 0.2608695652173913 0.606896551724138 0.5443037974683544 0.3018867924528301 0.6561514195583596 0.11689419795221842 0.3902439024390244 0.7289377289377289 0.2867332382310984 
0.11315789473684247 0.5928853754940712 0.2459893048128342 0.4587628865979382 0.40217391304347827 0.7586206896551725 0.47257383966244726 0.2075471698113207 1.0 0.13822525597269622 0.21951219512195125 0.5641025641025641 0.20256776034236804 
0.39210526315789473 0.33399209486166015 0.4331550802139037 0.5360824742268042 0.1956521739130435 0.5413793103448276 0.4071729957805907 0.24528301886792453 0.2555205047318612 0.0614334470989761 0.34146341463414637 0.553113553113553 0.033523537803138374 
0.1921052631578948 0.38339920948616607 0.8342245989304813 0.48453608247422686 0.358695652173913 0.2655172413793104 0.3565400843881856 0.8867924528301886 0.20189274447949532 0.21501706484641633 0.6097560975609756 0.45054945054945056 0.2346647646219686 
0.10000000000000019 0.0 0.6096256684491979 0.5360824742268042 0.1956521739130435 0.5172413793103449 0.35232067510548515 0.5471698113207547 0.32492113564668773 0.15358361774744028 0.5040650406504066 0.380952380952381 0.11126961483594865 
0.27631578947368435 0.1284584980237154 0.6096256684491979 0.6134020618556701 0.15217391304347827 0.5448275862068966 0.4113924050632911 0.5660377358490566 0.1987381703470032 0.13822525597269622 0.3658536585365854 0.7032967032967032 0.07631954350927246 
0.0 0.15217391304347827 0.4491978609625669 0.5618556701030929 0.16304347826086957 0.5103448275862069 0.38607594936708856 0.7358490566037735 0.5047318611987381 0.05290102389078497 1.0 0.5860805860805861 0.0920114122681883 
0.20789473684210547 0.1442687747035573 0.3368983957219251 0.5257731958762888 0.17391304347826086 0.3448275862068966 0.26582278481012656 0.320754716981132 0.35331230283911674 0.057167235494880536 0.38211382113821135 0.7545787545787546 0.15477888730385164 
0.3657894736842106 0.17193675889328067 0.4438502673796791 0.6134020618556701 0.41304347826086957 0.3517241379310345 0.36919831223628685 0.39622641509433965 0.3785488958990537 0.06655290102389079 0.47154471544715454 0.6190476190476191 0.04778887303851641 
0.45789473684210524 0.531620553359684 0.33155080213903737 0.2783505154639176 0.10869565217391304 0.22413793103448273 0.19198312236286919 0.5660377358490566 0.13249211356466878 0.18088737201365188 0.17886178861788615 0.3113553113553114 0.06704707560627675 
0.25526315789473697 0.531620553359684 0.3422459893048128 0.43298969072164956 0.18478260869565216 0.3517241379310345 0.27426160337552735 0.45283018867924524 0.46056782334384866 0.0 0.3658536585365854 0.6520146520146519 0.20399429386590584 
0.11052631578947364 0.32806324110671936 0.5668449197860962 0.48453608247422686 0.2826086956521739 0.6620689655172414 0.5168776371308017 0.3584905660377358 0.44794952681388017 0.16808873720136516 0.2601626016260163 0.7765567765567766 0.24750356633380885 
0.13947368421052658 0.25889328063241107 1.0 0.922680412371134 0.532608695652174 0.7586206896551725 1.0 0.641509433962264 0.46056782334384866 0.4027303754266211 0.3658536585365854 0.8864468864468864 0.13338088445078458 
0.3657894736842106 0.7292490118577075 0.7326203208556149 0.8195876288659795 0.34782608695652173 0.42068965517241386 0.3776371308016877 0.5660377358490566 0.41009463722397477 0.06825938566552901 0.3577235772357724 0.6776556776556777 0.062054208273894434 
0.5315789473684213 1.0 0.41176470588235287 0.5618556701030929 0.17391304347826086 0.5655172413793104 0.4873417721518987 0.320754716981132 0.5047318611987381 0.11262798634812286 0.2032520325203252 0.6703296703296704 0.07275320970042796 
0.22105263157894728 0.7055335968379446 0.5508021390374332 0.5360824742268042 0.13043478260869565 0.6482758620689655 0.5675105485232067 0.15094339622641506 0.7886435331230284 0.1296928327645051 0.21951219512195125 0.8681318681318682 0.07275320970042796 
0.273684210526316 0.2806324110671937 0.4331550802139037 0.5360824742268042 0.16304347826086957 0.5586206896551724 0.4873417721518987 0.45283018867924524 0.2965299684542587 0.12627986348122863 0.3089430894308943 0.7362637362637362 0.07132667617689016 
0.368421052631579 0.15612648221343875 0.49732620320855614 0.5618556701030929 0.17391304347826086 0.606896551724138 0.5928270042194093 0.49056603773584906 0.4290220820189275 0.22696245733788395 0.17073170731707316 0.575091575091575 0.052781740370898715 
0.1999999999999999 0.274703557312253 0.7593582887700534 0.922680412371134 0.2391304347826087 0.396551724137931 0.4008438818565401 0.8490566037735848 0.42586750788643535 0.14675767918088736 0.3983739837398374 0.42857142857142855 0.1340941512125535 
0.3526315789473683 0.1758893280632411 0.5026737967914437 0.7164948453608249 0.1956521739130435 0.4275862068965518 0.4451476793248946 0.5094339622641509 0.47003154574132494 0.07167235494880546 0.33333333333333337 0.553113553113553 0.0456490727532097 
0.2657894736842104 0.7035573122529644 0.5454545454545454 0.5876288659793815 0.10869565217391304 0.3862068965517242 0.2974683544303797 0.5471698113207547 0.2965299684542587 0.11262798634812286 0.2520325203252033 0.4761904761904761 0.21540656205420827 
0.481578947368421 0.12055335968379449 0.5133689839572192 0.3814432989690722 0.5652173913043478 0.18275862068965518 0.19198312236286919 0.15094339622641506 0.16719242902208203 0.2406143344709897 0.22764227642276424 0.007326007326007333 0.25106990014265335 
0.4868421052631582 0.4446640316205534 0.5561497326203207 0.48453608247422686 0.3695652173913043 0.11034482758620692 0.18565400843881855 0.2075471698113207 0.13249211356466878 0.3515358361774744 0.21138211382113822 0.05494505494505491 0.1797432239657632 
0.4684210526315792 0.3102766798418973 0.5561497326203207 0.6907216494845362 0.30434782608695654 0.05862068965517239 0.1582278481012658 0.2641509433962264 0.13249211356466878 0.37713310580204773 0.1463414634146342 0.032967032967032996 0.20114122681883023 
0.43947368421052624 0.5553359683794467 0.53475935828877 0.5618556701030929 0.391304347826087 0.2482758620689655 0.18143459915611812 0.07547169811320756 0.13564668769716087 0.31740614334470985 0.2439024390243903 0.007326007326007333 0.2296718972895863 
0.38947368421052636 0.09881422924901187 0.4759358288770053 0.3556701030927836 0.16304347826086957 0.3517241379310345 0.05063291139240505 0.8867924528301886 0.26498422712933756 0.35580204778156993 0.21951219512195125 0.0879120879120879 0.2653352353780314 
0.4131578947368421 0.3399209486166008 0.4491978609625669 0.4072164948453609 0.2608695652173913 0.22068965517241385 0.06751054852320675 0.9433962264150942 0.16719242902208203 0.49658703071672344 0.2032520325203252 0.11355311355311358 0.29743223965763194 
0.3210526315789475 0.7865612648221344 0.6310160427807486 0.5360824742268042 0.20652173913043478 0.1379310344827586 0.02742616033755273 0.7547169811320755 0.12302839116719246 0.21928327645051196 0.21951219512195125 0.0 0.3152639087018545 
0.3947368421052631 0.9426877470355731 0.6844919786096257 0.7422680412371134 0.2826086956521739 0.2793103448275862 0.054852320675105475 0.9433962264150942 0.2176656151419559 0.31740614334470985 0.2764227642276423 0.15384615384615383 0.16904422253922968 
0.6473684210526317 0.5632411067193676 0.4438502673796791 0.4587628865979382 0.1956521739130435 0.22068965517241385 0.029535864978902943 0.8490566037735848 0.14826498422712936 0.37713310580204773 0.26829268292682934 0.20146520146520147 0.21540656205420827 
0.47631578947368425 0.4387351778656126 0.6684491978609625 0.6907216494845362 0.33695652173913043 0.46206896551724136 0.054852320675105475 0.7547169811320755 0.12618296529968456 0.31058020477815695 0.33333333333333337 0.3223443223443223 0.2225392296718973 
0.5 0.40909090909090917 0.716577540106952 0.5360824742268042 0.2826086956521739 0.1931034482758621 0.033755274261603366 0.7547169811320755 0.10725552050473187 0.28327645051194533 0.23577235772357727 0.380952380952381 0.2296718972895863 
0.613157894736842 0.3596837944664032 0.5294117647058824 0.48453608247422686 0.20652173913043478 0.14482758620689654 0.033755274261603366 0.45283018867924524 0.07255520504731862 0.3686006825938566 0.17886178861788615 0.4395604395604396 0.35805991440798857 
0.6552631578947368 0.48023715415019763 0.7272727272727274 0.6649484536082475 0.29347826086956524 0.19655172413793107 0.03797468354430379 0.6981132075471698 0.044164037854889614 0.26194539249146753 0.33333333333333337 0.2893772893772894 0.17261055634807418 
0.6815789473684208 0.8320158102766799 0.5294117647058824 0.48453608247422686 0.2391304347826087 0.3517241379310345 0.0970464135021097 0.641509433962264 0.19242902208201895 0.26621160409556316 0.3495934959349594 0.28571428571428564 0.19400855920114124 
0.3210526315789475 0.6205533596837944 0.4491978609625669 0.4072164948453609 0.45652173913043476 0.1379310344827586 0.09282700421940927 0.3018867924528301 0.2302839116719243 0.591296928327645 0.13821138211382117 0.2673992673992674 0.4115549215406562 
0.5605263157894738 0.5592885375494072 0.42245989304812825 0.5360824742268042 0.34782608695652173 0.17931034482758623 0.04430379746835443 0.5660377358490566 0.28075709779179814 0.2320819112627986 0.0975609756097561 0.15018315018315015 0.39372325249643364 
0.7500000000000002 0.849802371541502 0.4652406417112299 0.48453608247422686 0.10869565217391304 0.0 0.0 0.5094339622641509 0.08517350157728709 0.30887372013651876 0.08130081300813007 0.021978021978021997 0.09771754636233952 
0.48421052631578937 0.7648221343873518 0.5989304812834224 0.5618556701030929 0.17391304347826086 0.2482758620689655 0.06540084388185653 0.641509433962264 0.14195583596214512 0.5435153583617747 0.04878048780487809 0.21611721611721615 0.24750356633380885 
0.6026315789473685 0.4940711462450593 0.5454545454545454 0.5618556701030929 0.2391304347826087 0.3275862068965517 0.08860759493670885 0.6037735849056604 0.26498422712933756 0.6092150170648464 0.05691056910569111 0.12820512820512825 0.2653352353780314 
0.5394736842105264 0.624505928853755 0.53475935828877 0.5618556701030929 0.4673913043478261 0.1482758620689655 0.2215189873417721 0.39622641509433965 0.2302839116719243 0.6928327645051195 0.07317073170731705 0.021978021978021997 0.19400855920114124 
0.65 0.47035573122529645 0.6737967914438503 0.6907216494845362 0.5760869565217391 0.14482758620689654 0.25949367088607594 0.16981132075471697 0.26498422712933756 0.6245733788395904 0.08943089430894308 0.010989010989010999 0.15834522111269614 
0.46315789473684194 0.3814229249011858 0.5989304812834224 0.5876288659793815 0.45652173913043476 0.1724137931034483 0.2151898734177215 0.2075471698113207 0.2681388012618297 0.8122866894197953 0.0 0.07326007326007325 0.14407988587731813 
0.5473684210526315 0.22924901185770752 0.7433155080213903 0.7680412371134021 0.5 0.42068965517241386 0.19831223628691982 0.24528301886792453 0.36277602523659314 0.49658703071672344 0.10569105691056911 0.021978021978021997 0.10485021398002853 
0.5789473684210528 0.5059288537549407 0.4919786096256683 0.4072164948453609 0.30434782608695654 0.2827586206896552 0.10337552742616032 0.9056603773584905 0.46056782334384866 0.78839590443686 0.06504065040650413 0.0879120879120879 0.2831669044222539 
0.40789473684210537 0.10869565217391305 0.39572192513368987 0.48453608247422686 0.358695652173913 0.1724137931034483 0.05063291139240505 0.7547169811320755 0.31230283911671924 0.5392491467576791 0.08130081300813007 0.10256410256410257 0.2582025677603424 
0.5631578947368422 0.8794466403162057 0.5133689839572192 0.5876288659793815 0.25 0.2620689655172414 0.06118143459915611 0.9056603773584905 0.359621451104101 0.5648464163822525 0.0975609756097561 0.07692307692307691 0.318830242510699 
0.7394736842105263 0.6679841897233202 0.5454545454545454 0.4587628865979382 0.20652173913043478 0.2827586206896552 0.10337552742616032 0.660377358490566 0.36277602523659314 0.6595563139931739 0.07317073170731705 0.1355311355311355 0.14407988587731813 
0.3736842105263157 0.45256916996047436 0.6844919786096257 0.845360824742268 0.29347826086956524 0.3172413793103448 0.05063291139240505 0.9433962264150942 0.2302839116719243 0.530716723549488 0.1544715447154472 0.16849816849816848 0.42938659058487877 
0.8710526315789473 0.1857707509881423 0.716577540106952 0.7422680412371134 0.30434782608695654 0.6275862068965516 0.20464135021097046 0.7547169811320755 0.7223974763406941 1.0 0.07317073170731705 0.25274725274725274 0.2724679029957204 
0.6447368421052633 0.18379446640316205 0.6844919786096257 0.6134020618556701 0.20652173913043478 0.5586206896551724 0.16033755274261602 0.7358490566037735 0.5930599369085174 0.893344709897611 0.07317073170731705 0.18681318681318682 0.24393723252496433 
0.35 0.6106719367588933 0.5454545454545454 0.5360824742268042 0.1956521739130435 0.4551724137931034 0.12236286919831224 0.6981132075471698 0.1987381703470032 0.5435153583617747 0.06504065040650413 0.11355311355311358 0.17261055634807418 
0.7 0.4980237154150197 0.6310160427807486 0.48453608247422686 0.40217391304347827 0.2931034482758621 0.046413502109704644 0.6981132075471698 0.12302839116719246 0.39249146757679176 0.3902439024390244 0.20146520146520147 0.2867332382310984 
0.4789473684210526 0.5000000000000001 0.6524064171122995 0.5876288659793815 0.391304347826087 0.23103448275862068 0.054852320675105475 0.8867924528301886 0.17350157728706628 0.3668941979522184 0.3170731707317073 0.30769230769230765 0.20827389443651925 
0.5078947368421055 0.5355731225296443 0.5294117647058824 0.4072164948453609 0.391304347826087 0.14137931034482756 0.07594936708860758 0.5094339622641509 0.16719242902208203 0.341296928327645 0.16260162601626021 0.1758241758241758 0.2831669044222539 
0.7236842105263157 0.3992094861660079 0.5026737967914437 0.5876288659793815 0.21739130434782608 0.12758620689655176 0.07172995780590717 0.5283018867924527 0.19558359621451107 0.7081911262798635 0.17886178861788615 0.15018315018315015 0.24037089871611983 
0.7105263157894738 0.7154150197628459 0.4812834224598929 0.6134020618556701 0.1956521739130435 0.10344827586206898 0.02742616033755273 0.7358490566037735 0.2334384858044164 0.4556313993174061 0.2439024390243903 0.1758241758241758 0.17261055634807418 
0.6368421052631578 0.5849802371541503 0.6631016042780749 0.6391752577319588 0.44565217391304346 0.2482758620689655 0.12236286919831224 0.5660377358490566 0.3312302839116719 0.8020477815699658 0.3008130081300813 0.10622710622710624 0.29743223965763194 
0.4710526315789475 0.5197628458498024 0.5026737967914437 0.4587628865979382 0.1956521739130435 0.1724137931034483 0.06751054852320675 0.5094339622641509 0.17665615141955837 0.7662116040955631 0.1951219512195122 0.1758241758241758 0.29029957203994294 
0.6710526315789475 0.3636363636363637 0.7112299465240641 0.7164948453608249 0.3804347826086957 0.19655172413793107 0.10548523206751054 0.49056603773584906 0.3564668769716089 0.629692832764505 0.21138211382113822 0.19413919413919414 0.33666191155492153 
0.623684210526316 0.7628458498023715 0.802139037433155 0.7422680412371134 0.45652173913043476 0.3448275862068966 0.13080168776371304 0.2641509433962264 0.22082018927444802 0.6160409556313993 0.1544715447154472 0.23809523809523805 0.25106990014265335 
0.30789473684210517 0.45256916996047436 0.5133689839572192 0.43298969072164956 0.2826086956521739 0.09310344827586207 0.03164556962025315 0.5094339622641509 0.10094637223974764 0.3600682593856655 0.1463414634146342 0.20512820512820515 0.16547788873038516 
0.45789473684210524 0.3260869565217392 0.4919786096256683 0.4587628865979382 0.17391304347826086 0.14137931034482756 0.03586497890295358 0.660377358490566 0.07255520504731862 0.7354947952218429 0.07317073170731705 0.13186813186813182 0.1369472182596291 
0.8236842105263158 0.34980237154150196 0.5989304812834224 0.48453608247422686 0.22826086956521738 0.24137931034482757 0.07594936708860758 0.5849056603773585 0.26182965299684546 0.7184300341296928 0.11382113821138212 0.16117216117216115 0.2724679029957204 
0.7052631578947371 0.9703557312252965 0.5828877005347595 0.5103092783505155 0.2717391304347826 0.24137931034482757 0.05696202531645569 0.7358490566037735 0.20504731861198744 0.5477815699658702 0.13008130081300814 0.17216117216117216 0.32952924393723254 
0.623684210526316 0.6264822134387352 0.5989304812834224 0.6391752577319588 0.34782608695652173 0.2827586206896552 0.08649789029535863 0.5660377358490566 0.31545741324921134 0.5136518771331058 0.17886178861788615 0.10622710622710624 0.33666191155492153 
0.5894736842105263 0.699604743083004 0.4812834224598929 0.48453608247422686 0.5434782608695652 0.21034482758620693 0.07383966244725737 0.5660377358490566 0.2965299684542587 0.7610921501706485 0.08943089430894308 0.10622710622710624 0.39728958630527816 
0.5631578947368422 0.36561264822134387 0.5401069518716578 0.48453608247422686 0.5434782608695652 0.23103448275862068 0.07172995780590717 0.7547169811320755 0.3312302839116719 0.6843003412969284 0.0975609756097561 0.12820512820512825 0.4008559201141227 
0.8157894736842107 0.6640316205533596 0.7379679144385027 0.7164948453608249 0.2826086956521739 0.36896551724137927 0.08860759493670885 0.8113207547169812 0.2965299684542587 0.675767918088737 0.10569105691056911 0.12087912087912091 0.20114122681883023 
