0.8541666666666666 1.0 1.0 0.33962264150943394 0.4474885844748858 0.0 1.0 0.2900763358778626 0.0 0.3870967741935484 0.5 1.0 0.0 
0.7916666666666666 0.0 0.6666666666666666 0.19811320754716982 1.0 0.0 1.0 0.6793893129770993 0.0 0.25806451612903225 0.5 0.0 1.0 
0.5833333333333334 1.0 0.3333333333333333 0.2830188679245283 0.3082191780821918 0.0 0.0 0.5343511450381679 0.0 0.04838709677419355 0.0 0.0 1.0 
0.7291666666666666 1.0 1.0 0.32075471698113206 0.3127853881278539 0.0 0.0 0.2595419847328244 1.0 0.03225806451612903 0.5 0.3333333333333333 1.0 
0.9375 0.0 0.3333333333333333 0.24528301886792453 0.3264840182648402 0.0 1.0 0.3816793893129771 1.0 0.03225806451612903 0.0 0.3333333333333333 0.0 
0.75 1.0 1.0 0.24528301886792453 0.11643835616438356 0.0 0.0 0.5267175572519084 0.0 0.06451612903225806 0.0 0.0 1.0 
0.5625 1.0 0.6666666666666666 0.33962264150943394 0.2968036529680365 1.0 1.0 0.5419847328244275 1.0 0.0967741935483871 0.5 0.3333333333333333 0.75 
0.625 1.0 1.0 0.1509433962264151 0.2579908675799087 0.0 1.0 0.5419847328244275 1.0 0.1935483870967742 0.5 0.3333333333333333 1.0 
0.6458333333333334 1.0 1.0 0.4339622641509434 0.3812785388127854 0.0 1.0 0.7557251908396947 0.0 0.1935483870967742 0.5 0.6666666666666666 1.0 
0.7083333333333334 0.0 1.0 0.5283018867924528 0.6415525114155252 0.0 1.0 0.6335877862595419 0.0 0.6451612903225806 0.5 1.0 1.0 
0.625 1.0 1.0 0.3867924528301887 0.2465753424657534 0.0 0.0 0.6870229007633588 0.0 0.08064516129032258 0.5 0.0 1.0 
0.5 1.0 1.0 0.4528301886792453 0.228310502283105 0.0 1.0 0.3053435114503817 1.0 0.0 0.0 0.0 1.0 
0.3125 1.0 0.6666666666666666 0.4339622641509434 0.24885844748858446 0.0 1.0 0.8320610687022901 0.0 0.0 0.0 0.0 0.0 
0.6666666666666666 1.0 0.0 0.37735849056603776 0.2465753424657534 0.0 0.0 0.5648854961832062 0.0 0.41935483870967744 0.5 0.6666666666666666 0.0 
0.5833333333333334 0.0 1.0 0.32075471698113206 0.4041095890410959 0.0 1.0 0.6717557251908397 0.0 0.0 0.0 0.3333333333333333 0.0 
0.875 0.0 1.0 0.16981132075471697 0.05251141552511415 0.0 0.0 0.4122137404580153 0.0 0.25806451612903225 0.5 0.0 0.0 
0.3541666666666667 1.0 1.0 0.4339622641509434 0.4223744292237443 0.0 0.0 0.37404580152671757 1.0 0.2903225806451613 0.5 0.6666666666666666 1.0 
0.5 1.0 1.0 0.4339622641509434 0.17579908675799086 1.0 1.0 0.6412213740458015 1.0 0.5 1.0 0.0 1.0 
0.7291666666666666 1.0 0.0 0.1509433962264151 0.19406392694063926 0.0 1.0 0.5572519083969466 1.0 0.2903225806451613 0.5 0.0 0.0 
0.22916666666666666 1.0 0.0 0.4339622641509434 0.16666666666666666 0.0 0.0 0.816793893129771 1.0 0.2258064516129032 0.0 0.0 1.0 
0.7916666666666666 1.0 1.0 0.24528301886792453 0.23515981735159816 0.0 1.0 0.44274809160305345 1.0 0.41935483870967744 0.5 0.6666666666666666 1.0 
0.3958333333333333 1.0 0.3333333333333333 0.33962264150943394 0.271689497716895 0.0 1.0 0.8320610687022901 0.0 0.03225806451612903 0.5 0.0 0.0 
0.2916666666666667 1.0 1.0 0.19811320754716982 0.4041095890410959 0.0 0.0 0.8396946564885496 0.0 0.1935483870967742 0.5 0.0 0.0 
0.375 1.0 1.0 0.16981132075471697 0.1780821917808219 0.0 0.0 0.549618320610687 0.0 0.016129032258064516 0.0 0.0 0.0 
0.5208333333333334 0.0 0.3333333333333333 0.3584905660377358 0.3698630136986301 1.0 1.0 0.6717557251908397 1.0 0.0 0.0 0.3333333333333333 0.0 
0.3958333333333333 0.0 0.6666666666666666 0.33962264150943394 0.3401826484018265 0.0 0.0 0.5190839694656488 0.0 0.03225806451612903 0.0 0.0 0.0 
0.3541666666666667 0.0 1.0 0.41509433962264153 0.2671232876712329 0.0 1.0 0.6183206106870229 1.0 0.0 0.5 0.0 0.0 
0.4583333333333333 0.0 0.6666666666666666 0.24528301886792453 0.3858447488584475 0.0 1.0 0.6564885496183206 0.0 0.0967741935483871 0.0 0.0 0.0 
0.6041666666666666 1.0 0.6666666666666666 0.16981132075471697 0.2374429223744292 0.0 1.0 0.7175572519083969 0.0 0.4032258064516129 0.5 0.3333333333333333 1.0 
0.875 0.0 0.6666666666666666 0.1509433962264151 0.317351598173516 1.0 1.0 0.45038167938931295 0.0 0.0 0.0 0.3333333333333333 0.0 
0.5833333333333334 1.0 0.6666666666666666 0.32075471698113206 0.23515981735159816 0.0 1.0 0.6030534351145038 0.0 0.06451612903225806 0.5 0.3333333333333333 1.0 
0.7708333333333334 1.0 1.0 0.6226415094339622 0.2328767123287671 0.0 1.0 0.5114503816793893 0.0 0.3709677419354838 0.0 0.0 0.75 
0.16666666666666666 0.0 0.6666666666666666 0.24528301886792453 0.20319634703196346 0.0 0.0 0.7557251908396947 0.0 0.0 0.0 0.0 0.0 
0.625 1.0 1.0 0.7169811320754716 0.45662100456621 0.0 1.0 0.5267175572519084 1.0 0.5483870967741935 1.0 0.0 1.0 
0.4375 1.0 1.0 0.4716981132075472 0.1689497716894977 0.0 1.0 0.4198473282442748 1.0 0.14516129032258066 0.5 0.0 1.0 
0.3958333333333333 1.0 1.0 0.33962264150943394 0.2968036529680365 1.0 1.0 0.6030534351145038 1.0 0.0 0.0 0.6666666666666666 1.0 
0.6666666666666666 1.0 1.0 0.4339622641509434 0.18493150684931506 0.0 1.0 0.5114503816793893 1.0 0.30645161290322576 0.0 0.3333333333333333 1.0 
0.625 1.0 0.0 0.6226415094339622 0.3356164383561644 0.0 1.0 0.4122137404580153 0.0 0.0 0.0 0.0 0.0 
0.2708333333333333 1.0 0.6666666666666666 0.33962264150943394 0.1232876712328767 0.0 0.0 0.6030534351145038 0.0 0.0 0.0 0.0 0.0 
0.3958333333333333 1.0 1.0 0.2641509433962264 0.2191780821917808 0.0 1.0 0.8778625954198473 0.0 0.0 0.0 0.0 0.0 
0.22916666666666666 1.0 1.0 0.5471698113207547 0.22146118721461186 0.0 0.0 0.8396946564885496 0.0 0.0 0.0 0.0 1.0 
0.6875 0.0 1.0 0.2830188679245283 0.18949771689497716 0.0 0.0 0.7022900763358778 0.0 0.0 0.0 0.0 0.0 
0.3125 1.0 0.6666666666666666 0.33962264150943394 0.24429223744292236 0.0 0.0 0.8244274809160306 1.0 0.06451612903225806 0.0 0.0 0.0 
0.3541666666666667 1.0 0.3333333333333333 0.0660377358490566 0.16210045662100456 1.0 0.0 0.648854961832061 0.0 0.0 0.0 0.0 1.0 
0.625 1.0 0.6666666666666666 0.3018867924528302 0.2100456621004566 1.0 0.0 0.48091603053435117 0.0 0.3548387096774194 0.5 0.3333333333333333 0.75 
0.6041666666666666 1.0 0.6666666666666666 0.4339622641509434 0.19406392694063926 1.0 1.0 0.7175572519083969 0.0 0.0 0.0 0.0 0.0 
0.4166666666666667 1.0 0.6666666666666666 0.22641509433962265 0.05251141552511415 0.0 1.0 0.4198473282442748 0.0 0.12903225806451613 0.0 1.0 0.0 
0.3125 1.0 1.0 0.1509433962264151 0.16210045662100456 0.0 1.0 0.8091603053435115 0.0 0.0 0.0 0.3333333333333333 0.0 
0.7708333333333334 1.0 0.3333333333333333 0.6226415094339622 0.273972602739726 0.0 0.0 0.37404580152671757 1.0 0.0 0.5 1.0 0.75 
0.75 0.0 1.0 0.5283018867924528 0.22602739726027396 0.0 1.0 0.3282442748091603 0.0 0.16129032258064516 0.5 1.0 1.0 
0.2708333333333333 1.0 1.0 0.39622641509433965 0.4315068493150685 0.0 0.0 0.4122137404580153 1.0 0.2903225806451613 0.5 0.0 0.75 
0.4791666666666667 1.0 0.3333333333333333 0.32075471698113206 0.18036529680365296 1.0 0.0 0.8625954198473282 0.0 0.0 0.0 0.0 0.0 
0.75 0.0 0.6666666666666666 0.4339622641509434 0.6643835616438356 1.0 1.0 0.6564885496183206 0.0 0.12903225806451613 0.0 0.3333333333333333 0.0 
0.7083333333333334 0.0 0.3333333333333333 0.4339622641509434 0.15753424657534246 0.0 0.0 0.8244274809160306 0.0 0.0 0.0 0.6666666666666666 0.0 
0.3333333333333333 0.0 0.3333333333333333 0.33962264150943394 0.2465753424657534 0.0 1.0 0.7938931297709924 0.0 0.0967741935483871 0.5 0.0 0.0 
0.25 0.0 0.3333333333333333 0.10377358490566038 0.1643835616438356 0.0 0.0 0.7404580152671756 0.0 0.0 0.0 0.3333333333333333 0.0 
0.6666666666666666 1.0 1.0 0.41509433962264153 0.091324200913242 0.0 1.0 0.4122137404580153 1.0 0.5806451612903226 0.5 0.3333333333333333 0.0 
0.6458333333333334 0.0 0.6666666666666666 0.24528301886792453 0.1187214611872146 1.0 0.0 0.19083969465648856 0.0 0.0 0.0 0.0 0.0 
0.625 0.0 1.0 0.7547169811320755 0.2808219178082192 0.0 0.0 0.549618320610687 1.0 0.0 0.5 0.0 0.0 
0.6875 1.0 0.3333333333333333 0.24528301886792453 0.3538812785388128 0.0 1.0 0.24427480916030533 0.0 0.2258064516129032 0.5 0.3333333333333333 1.0 
0.5833333333333334 1.0 0.6666666666666666 0.5283018867924528 0.0 1.0 0.0 0.7786259541984732 0.0 0.03225806451612903 0.0 0.3333333333333333 1.0 
0.4583333333333333 0.0 1.0 0.33962264150943394 0.408675799086758 0.0 0.0 0.5419847328244275 1.0 0.1935483870967742 0.5 0.0 1.0 
0.3125 1.0 0.6666666666666666 0.24528301886792453 0.228310502283105 0.0 0.0 0.7480916030534351 0.0 0.0 0.0 0.0 0.0 
0.6458333333333334 0.0 0.0 0.5283018867924528 0.2602739726027397 0.0 0.0 0.7633587786259542 0.0 0.14516129032258066 0.0 0.0 0.0 
0.7083333333333334 1.0 0.0 0.4811320754716981 0.24429223744292236 1.0 1.0 0.6030534351145038 0.0 0.3709677419354838 1.0 0.0 0.75 
0.5833333333333334 1.0 1.0 0.5283018867924528 0.3424657534246575 0.0 1.0 0.31297709923664124 1.0 0.0967741935483871 0.5 0.3333333333333333 0.75 
0.4583333333333333 1.0 1.0 0.4339622641509434 0.3082191780821918 0.0 1.0 0.8778625954198473 1.0 0.0 0.0 0.0 0.0 
0.6041666666666666 0.0 0.3333333333333333 0.39622641509433965 0.4406392694063927 1.0 1.0 0.6183206106870229 0.0 0.0 0.0 0.6666666666666666 0.0 
0.3125 0.0 0.6666666666666666 0.22641509433962265 0.2648401826484018 0.0 0.0 0.5954198473282443 0.0 0.04838709677419355 0.5 0.3333333333333333 0.0 
0.375 1.0 0.6666666666666666 0.1320754716981132 0.2671232876712329 0.0 0.0 0.6183206106870229 0.0 0.0 0.0 0.0 0.0 
0.6666666666666666 1.0 1.0 0.24528301886792453 0.3059360730593607 0.0 0.0 0.5267175572519084 1.0 0.5806451612903226 0.5 0.3333333333333333 1.0 
0.5833333333333334 0.0 1.0 0.24528301886792453 0.5205479452054794 0.0 0.0 0.7022900763358778 1.0 0.0967741935483871 0.0 0.0 0.0 
0.8541666666666666 1.0 0.3333333333333333 0.5849056603773585 0.271689497716895 0.0 1.0 0.549618320610687 0.0 0.0 0.0 0.0 0.0 
0.9791666666666666 0.0 0.6666666666666666 0.4339622641509434 0.16210045662100456 0.0 0.5 0.3435114503816794 0.0 0.1774193548387097 0.5 0.0 0.0 
0.7916666666666666 0.0 1.0 0.11320754716981132 0.22146118721461186 0.0 0.0 0.5419847328244275 0.0 0.04838709677419355 0.0 0.6666666666666666 0.0 
0.3333333333333333 1.0 1.0 0.4528301886792453 0.4178082191780822 0.0 1.0 0.5801526717557252 1.0 0.0 0.5 1.0 1.0 
0.3333333333333333 1.0 1.0 0.09433962264150944 0.1872146118721461 0.0 1.0 0.5877862595419847 1.0 0.48387096774193544 0.5 0.0 0.0 
0.20833333333333334 0.0 0.6666666666666666 0.0 0.16666666666666666 0.0 0.0 0.8244274809160306 0.0 0.0 0.0 0.0 0.0 
0.2708333333333333 0.0 0.6666666666666666 0.24528301886792453 0.18949771689497716 0.0 0.0 0.7786259541984732 0.0 0.0 0.5 0.0 0.0 
0.5625 1.0 0.3333333333333333 0.24528301886792453 0.2511415525114155 0.0 0.0 0.816793893129771 0.0 0.12903225806451613 0.0 0.0 0.0 
0.6041666666666666 1.0 1.0 0.49056603773584906 0.2100456621004566 0.0 0.0 0.2595419847328244 0.0 0.3225806451612903 0.5 0.3333333333333333 1.0 
0.125 1.0 1.0 0.24528301886792453 0.1643835616438356 0.0 0.0 0.45038167938931295 1.0 0.25806451612903225 0.5 0.0 1.0 
0.6041666666666666 1.0 1.0 0.5283018867924528 0.3287671232876712 0.0 1.0 0.3053435114503817 1.0 0.12903225806451613 0.0 0.0 1.0 
0.25 1.0 0.6666666666666666 0.33962264150943394 0.2009132420091324 0.0 1.0 0.7404580152671756 0.0 0.3225806451612903 0.5 0.0 0.0 
0.5833333333333334 1.0 1.0 0.1509433962264151 0.17123287671232876 0.0 0.0 0.4198473282442748 1.0 0.24193548387096772 0.5 0.0 0.75 
0.2708333333333333 1.0 0.0 0.5094339622641509 0.2694063926940639 0.0 1.0 0.816793893129771 0.0 0.12903225806451613 0.0 0.6666666666666666 0.0 
0.6875 1.0 0.3333333333333333 0.32075471698113206 0.1872146118721461 1.0 1.0 0.5267175572519084 0.0 0.0 0.0 0.0 0.0 
0.625 1.0 0.0 0.7924528301886793 0.3287671232876712 0.0 1.0 0.5648854961832062 0.0 0.6774193548387097 1.0 0.0 1.0 
0.25 0.0 0.3333333333333333 0.3018867924528302 0.410958904109589 0.0 0.0 0.7022900763358778 0.0 0.0 0.0 0.0 0.0 
0.4375 1.0 1.0 0.5283018867924528 0.2671232876712329 0.0 1.0 0.4351145038167939 0.0 0.41935483870967744 0.5 0.0 1.0 
0.625 1.0 0.3333333333333333 0.4339622641509434 0.21689497716894976 0.0 0.0 0.7099236641221374 1.0 0.0 0.0 0.0 0.0 
0.6666666666666666 0.0 1.0 0.33962264150943394 0.4657534246575342 0.0 1.0 0.7480916030534351 0.0 0.0 0.0 0.0 0.0 
0.5208333333333334 1.0 1.0 0.2830188679245283 0.319634703196347 0.0 1.0 0.2900763358778626 1.0 0.3548387096774194 0.5 0.3333333333333333 1.0 
0.5208333333333334 1.0 1.0 0.1509433962264151 0.182648401826484 0.0 1.0 0.2824427480916031 1.0 0.0 0.5 0.3333333333333333 0.0 
0.4791666666666667 1.0 1.0 0.29245283018867924 0.1963470319634703 0.0 0.0 0.7404580152671756 0.0 0.16129032258064516 0.0 0.6666666666666666 1.0 
0.375 1.0 1.0 0.1509433962264151 0.3401826484018265 0.0 1.0 0.35877862595419846 1.0 0.16129032258064516 0.5 0.3333333333333333 0.0 
0.7708333333333334 1.0 1.0 0.24528301886792453 0.4018264840182648 0.0 1.0 0.6106870229007634 0.0 0.06451612903225806 0.5 0.0 0.0 
0.6041666666666666 1.0 1.0 0.05660377358490566 0.2465753424657534 0.0 0.0 0.648854961832061 0.0 0.016129032258064516 0.0 0.3333333333333333 1.0 
0.7291666666666666 0.0 0.6666666666666666 0.4339622641509434 0.4269406392694064 0.0 0.0 0.4732824427480916 0.0 0.03225806451612903 0.0 0.0 1.0 
0.4375 0.0 0.3333333333333333 0.24528301886792453 0.2694063926940639 0.0 0.0 0.6946564885496184 0.0 0.1774193548387097 0.0 0.0 0.0 
0.3125 0.0 0.6666666666666666 0.1320754716981132 0.03424657534246575 0.0 0.0 0.7938931297709924 0.0 0.0967741935483871 0.5 0.0 0.0 
0.7916666666666666 1.0 1.0 0.24528301886792453 0.2534246575342466 0.0 0.0 0.0 0.0 0.16129032258064516 0.5 0.0 0.0 
0.4166666666666667 0.0 1.0 0.33962264150943394 0.3264840182648402 0.0 0.0 0.7022900763358778 0.0 0.0 0.0 0.0 0.0 
0.5833333333333334 1.0 1.0 0.6698113207547169 0.3721461187214612 1.0 1.0 0.40458015267175573 0.0 0.16129032258064516 0.5 1.0 1.0 
0.7083333333333334 1.0 1.0 0.33962264150943394 0.2922374429223744 0.0 1.0 0.5801526717557252 0.0 0.2258064516129032 0.5 0.3333333333333333 1.0 
0.3958333333333333 1.0 1.0 0.2830188679245283 0.3378995433789954 0.0 1.0 0.7251908396946565 0.0 0.08064516129032258 0.5 0.0 1.0 
0.4583333333333333 1.0 0.6666666666666666 0.05660377358490566 0.2191780821917808 0.0 0.0 0.549618320610687 1.0 0.1935483870967742 0.5 0.0 0.0 
0.6458333333333334 0.0 1.0 0.5283018867924528 0.3013698630136986 0.0 1.0 0.6564885496183206 0.0 0.41935483870967744 0.5 0.6666666666666666 1.0 
0.625 1.0 1.0 0.4339622641509434 0.11643835616438356 0.0 0.0 0.6946564885496184 1.0 0.0 0.0 0.3333333333333333 1.0 
0.3333333333333333 0.0 0.3333333333333333 0.16981132075471697 0.0776255707762557 0.0 0.0 0.5114503816793893 0.0 0.0 0.5 0.0 0.0 
0.5416666666666666 0.0 1.0 0.8113207547169812 0.4589041095890411 0.0 0.5 0.3511450381679389 1.0 0.5483870967741935 0.5 0.0 0.0 
0.25 1.0 0.3333333333333333 0.1509433962264151 0.24885844748858446 0.0 0.0 0.6259541984732825 0.0 0.0 0.0 0.0 0.0 
0.6458333333333334 0.0 1.0 0.6037735849056604 0.408675799086758 0.0 1.0 0.6870229007633588 0.0 0.0 0.0 0.0 0.0 
0.5208333333333334 0.0 0.6666666666666666 0.3867924528301887 0.4063926940639269 1.0 0.0 0.7557251908396947 0.0 0.0 0.0 0.0 0.0 
0.2708333333333333 1.0 0.3333333333333333 0.24528301886792453 0.3858447488584475 0.0 0.0 0.6946564885496184 0.0 0.0 0.0 0.0 0.0 
0.4166666666666667 0.0 0.3333333333333333 0.37735849056603776 0.3310502283105023 0.0 0.0 0.6946564885496184 0.0 0.0 0.5 0.0 0.0 
0.3541666666666667 1.0 1.0 0.24528301886792453 0.2808219178082192 0.0 1.0 0.5572519083969466 0.0 0.12903225806451613 0.0 0.0 1.0 
0.5625 0.0 1.0 1.0 0.3698630136986301 1.0 1.0 0.4732824427480916 1.0 0.6451612903225806 1.0 0.6666666666666666 1.0 
0.7708333333333334 0.0 0.0 0.5283018867924528 0.228310502283105 0.0 0.0 0.3282442748091603 0.0 0.41935483870967744 1.0 0.0 0.0 
0.5625 1.0 1.0 0.33962264150943394 0.3584474885844749 1.0 1.0 0.24427480916030533 1.0 0.25806451612903225 1.0 0.0 1.0 
0.4166666666666667 1.0 0.6666666666666666 0.24528301886792453 0.1415525114155251 0.0 0.0 0.5190839694656488 0.0 0.3225806451612903 0.5 1.0 1.0 
0.5208333333333334 1.0 1.0 0.2641509433962264 0.365296803652968 0.0 1.0 0.3435114503816794 1.0 0.5161290322580645 0.5 0.6666666666666666 0.0 
0.5833333333333334 1.0 1.0 0.5471698113207547 0.3378995433789954 0.0 0.0 0.1297709923664122 1.0 0.1935483870967742 0.5 0.3333333333333333 1.0 
0.75 0.0 0.6666666666666666 0.6226415094339622 0.5342465753424658 0.0 1.0 0.6106870229007634 0.0 0.12903225806451613 0.0 0.0 0.0 
0.5208333333333334 1.0 0.6666666666666666 0.29245283018867924 0.3356164383561644 0.0 1.0 0.6183206106870229 0.0 0.08064516129032258 1.0 0.3333333333333333 0.0 
0.5208333333333334 0.0 0.6666666666666666 0.6226415094339622 0.17123287671232876 0.0 0.0 0.7022900763358778 0.0 0.0 0.0 0.3333333333333333 0.0 
0.6875 1.0 1.0 0.24528301886792453 0.3219178082191781 0.0 0.0 0.21374045801526717 1.0 0.2903225806451613 0.5 0.6666666666666666 1.0 
0.4791666666666667 0.0 0.6666666666666666 0.39622641509433965 0.1598173515981735 0.0 1.0 0.7480916030534351 0.0 0.016129032258064516 0.5 0.0 0.0 
0.4791666666666667 1.0 0.3333333333333333 0.37735849056603776 0.17123287671232876 0.0 0.0 0.6641221374045801 0.0 0.12903225806451613 0.0 0.3333333333333333 0.0 
0.6458333333333334 1.0 1.0 0.2169811320754717 0.2374429223744292 1.0 0.0 0.6793893129770993 1.0 0.2258064516129032 0.0 0.6666666666666666 1.0 
0.7083333333333334 0.0 1.0 0.1320754716981132 0.3264840182648402 0.0 0.0 0.7480916030534351 1.0 0.2903225806451613 0.5 0.6666666666666666 0.0 
0.7708333333333334 1.0 1.0 0.16981132075471697 0.1963470319634703 0.0 1.0 0.46564885496183206 1.0 0.016129032258064516 0.0 0.3333333333333333 0.0 
0.2708333333333333 1.0 1.0 0.4339622641509434 0.228310502283105 0.0 0.0 0.816793893129771 0.0 0.0 0.0 0.0 0.0 
0.7291666666666666 1.0 1.0 0.24528301886792453 0.273972602739726 0.0 1.0 0.19083969465648856 1.0 0.3548387096774194 1.0 0.3333333333333333 0.0 
0.5208333333333334 1.0 0.6666666666666666 0.5283018867924528 0.2420091324200913 0.0 1.0 0.7175572519083969 0.0 0.25806451612903225 0.0 0.0 1.0 
0.3541666666666667 0.0 0.6666666666666666 0.4528301886792453 0.11643835616438356 0.0 1.0 0.6793893129770993 1.0 0.2258064516129032 1.0 0.0 0.0 
0.7916666666666666 0.0 0.6666666666666666 0.5471698113207547 0.3447488584474886 0.0 0.0 0.7709923664122137 0.0 0.0 0.0 0.3333333333333333 0.0 
0.5625 1.0 1.0 0.29245283018867924 0.2808219178082192 1.0 1.0 0.5572519083969466 1.0 0.1935483870967742 0.5 0.3333333333333333 0.0 
0.10416666666666667 0.0 0.3333333333333333 0.22641509433962265 0.1917808219178082 0.0 0.0 0.9236641221374046 0.0 0.1129032258064516 0.0 0.0 0.0 
0.5833333333333334 1.0 1.0 0.3584905660377358 0.18493150684931506 0.0 0.0 0.7404580152671756 1.0 0.0 0.0 0.0 1.0 
0.7291666666666666 1.0 1.0 0.4811320754716981 0.1963470319634703 0.0 1.0 0.46564885496183206 0.0 0.3225806451612903 0.5 0.6666666666666666 0.75 
0.625 1.0 1.0 0.41509433962264153 0.3310502283105023 0.0 1.0 0.8473282442748091 0.0 0.0 0.0 0.0 0.0 
0.4375 1.0 0.6666666666666666 0.4339622641509434 0.24429223744292236 0.0 0.0 0.7022900763358778 0.0 0.0967741935483871 0.5 0.3333333333333333 1.0 
0.4583333333333333 1.0 0.0 0.29245283018867924 0.19863013698630136 0.0 1.0 0.4122137404580153 1.0 0.2258064516129032 0.0 0.3333333333333333 0.0 
0.5208333333333334 1.0 0.3333333333333333 0.9245283018867925 0.3584474885844749 0.0 1.0 0.9465648854961832 0.0 0.0 0.0 0.3333333333333333 1.0 
0.5 1.0 1.0 0.27358490566037735 0.3561643835616438 0.0 0.0 0.183206106870229 1.0 0.3225806451612903 0.5 0.6666666666666666 1.0 
0.4791666666666667 1.0 1.0 0.16981132075471697 0.2374429223744292 0.0 0.0 0.6793893129770993 0.0 0.0 0.0 0.3333333333333333 0.0 
0.22916666666666666 1.0 1.0 0.1509433962264151 0.09360730593607305 0.0 1.0 0.3282442748091603 1.0 0.3225806451612903 0.5 0.0 1.0 
0.6041666666666666 1.0 0.6666666666666666 0.3584905660377358 0.2237442922374429 0.0 1.0 0.7786259541984732 0.0 0.5161290322580645 0.0 0.6666666666666666 1.0 
0.25 0.0 0.6666666666666666 0.16981132075471697 0.3242009132420091 0.0 1.0 0.7709923664122137 1.0 0.0 0.0 0.0 0.0 
0.25 1.0 0.6666666666666666 0.16981132075471697 0.2831050228310502 0.0 0.0 0.8244274809160306 0.0 0.0 0.0 0.0 0.0 
0.4375 0.0 0.6666666666666666 0.24528301886792453 0.21232876712328766 0.0 0.0 0.6641221374045801 0.0 0.25806451612903225 0.5 0.0 0.0 
0.5208333333333334 0.0 0.6666666666666666 0.1320754716981132 0.3219178082191781 0.0 1.0 0.732824427480916 0.0 0.0 0.0 0.0 0.0 
0.7291666666666666 0.0 1.0 0.33962264150943394 0.4041095890410959 0.0 0.0 0.3893129770992366 0.0 0.3225806451612903 0.5 0.6666666666666666 0.0 
0.4583333333333333 0.0 0.6666666666666666 0.33962264150943394 0.2968036529680365 0.0 1.0 0.5954198473282443 0.0 0.08064516129032258 0.0 0.0 0.0 
0.3541666666666667 0.0 0.3333333333333333 0.10377358490566038 0.1780821917808219 0.0 0.0 0.7709923664122137 0.0 0.0 0.0 0.0 0.0 
0.5416666666666666 1.0 1.0 0.4339622641509434 0.20776255707762556 0.0 0.0 0.3053435114503817 1.0 0.9032258064516128 1.0 0.0 1.0 
0.3333333333333333 1.0 0.3333333333333333 0.32075471698113206 0.4155251141552511 0.0 1.0 0.7557251908396947 0.0 0.0 0.0 0.0 0.0 
0.5625 1.0 0.0 0.24528301886792453 0.15296803652968036 0.0 1.0 0.6946564885496184 0.0 0.30645161290322576 0.5 0.0 1.0 
0.7708333333333334 0.0 1.0 0.7924528301886793 0.2328767123287671 1.0 0.0 0.7175572519083969 1.0 0.16129032258064516 0.5 0.6666666666666666 1.0 
0.1875 1.0 0.0 0.24528301886792453 0.23972602739726026 0.0 0.0 0.8473282442748091 1.0 0.6129032258064515 0.5 0.0 1.0 
0.6875 0.0 1.0 0.5283018867924528 0.2694063926940639 0.0 0.0 0.6335877862595419 1.0 0.2258064516129032 0.5 0.0 0.0 
0.5416666666666666 1.0 0.3333333333333333 0.33962264150943394 0.3105022831050228 0.0 0.0 0.6412213740458015 0.0 0.0 0.0 0.0 0.0 
0.6041666666666666 1.0 1.0 0.32075471698113206 0.3036529680365297 0.0 1.0 0.45038167938931295 1.0 0.48387096774193544 0.5 0.6666666666666666 1.0 
0.2916666666666667 1.0 1.0 0.1509433962264151 0.19406392694063926 0.0 0.0 0.6870229007633588 0.0 0.0 0.0 0.0 1.0 
0.7291666666666666 0.0 1.0 0.8113207547169812 0.454337899543379 0.0 0.0 0.6335877862595419 1.0 0.0 0.0 0.0 0.0 
0.4375 0.0 1.0 0.1509433962264151 0.2922374429223744 0.0 1.0 0.6717557251908397 0.0 0.0 0.0 0.0 0.0 
0.5 1.0 0.6666666666666666 0.33962264150943394 0.16210045662100456 1.0 1.0 0.6183206106870229 0.0 0.1935483870967742 1.0 0.0 0.0 
0.3333333333333333 0.0 1.0 0.41509433962264153 0.2511415525114155 0.0 1.0 0.6183206106870229 1.0 0.03225806451612903 0.5 0.0 0.0 
0.75 1.0 0.0 0.41509433962264153 0.3561643835616438 1.0 1.0 0.7862595419847328 0.0 0.2258064516129032 0.5 0.3333333333333333 0.0 
0.8333333333333334 1.0 0.0 0.6226415094339622 0.2465753424657534 1.0 1.0 0.4580152671755725 0.0 0.016129032258064516 0.5 0.3333333333333333 0.0 
0.8333333333333334 1.0 0.6666666666666666 0.4339622641509434 0.2922374429223744 0.0 1.0 0.5725190839694656 0.0 0.3225806451612903 0.5 1.0 1.0 
0.7916666666666666 1.0 1.0 0.05660377358490566 0.3949771689497717 0.0 1.0 0.4122137404580153 1.0 0.14516129032258066 0.5 0.6666666666666666 0.0 
0.8125 0.0 0.6666666666666666 0.24528301886792453 0.19406392694063926 0.0 1.0 0.33587786259541985 0.0 0.24193548387096772 0.5 0.0 0.0 
0.10416666666666667 1.0 0.0 0.22641509433962265 0.1278538812785388 0.0 1.0 0.7862595419847328 0.0 0.0 0.0 0.0 0.0 
0.6875 0.0 1.0 0.41509433962264153 0.3835616438356164 1.0 0.0 0.26717557251908397 0.0 0.30645161290322576 0.5 1.0 0.0 
0.4583333333333333 1.0 1.0 0.4339622641509434 0.3926940639269406 0.0 0.0 0.3893129770992366 1.0 0.6774193548387097 0.5 1.0 1.0 
0.3541666666666667 1.0 0.6666666666666666 0.5283018867924528 0.23972602739726026 0.0 0.0 0.5801526717557252 0.0 0.5806451612903226 0.5 0.0 0.0 
0.7916666666666666 1.0 1.0 0.29245283018867924 0.2922374429223744 1.0 0.0 0.7022900763358778 0.0 0.03225806451612903 0.5 0.6666666666666666 1.0 
0.4375 1.0 0.6666666666666666 0.330188679245283 0.1598173515981735 0.0 0.0 0.7022900763358778 0.0 0.0 0.0 0.0 0.0 
0.2708333333333333 1.0 0.6666666666666666 0.24528301886792453 0.2602739726027397 1.0 0.0 0.9389312977099237 0.0 0.12903225806451613 1.0 0.0 1.0 
0.5625 0.0 1.0 0.37735849056603776 0.6461187214611872 0.0 1.0 0.6030534351145038 1.0 0.30645161290322576 0.5 0.6666666666666666 1.0 
0.25 1.0 1.0 0.1509433962264151 0.1050228310502283 0.0 1.0 0.6641221374045801 0.0 0.0 0.0 0.0 1.0 
0.2708333333333333 0.0 1.0 0.07547169811320754 0.317351598173516 0.0 1.0 0.3893129770992366 0.0 0.0967741935483871 0.5 0.0 0.0 
0.5 1.0 0.6666666666666666 0.33962264150943394 0.273972602739726 1.0 1.0 0.7786259541984732 0.0 0.0 0.0 1.0 0.0 
0.2916666666666667 1.0 0.6666666666666666 0.33962264150943394 0.4315068493150685 0.0 0.0 0.6946564885496184 0.0 0.30645161290322576 0.0 0.3333333333333333 0.0 
0.5625 1.0 1.0 0.3584905660377358 0.1324200913242009 0.0 1.0 0.2595419847328244 1.0 0.33870967741935487 0.5 0.3333333333333333 0.75 
0.4791666666666667 1.0 1.0 0.1320754716981132 0.24429223744292236 1.0 0.0 0.5801526717557252 0.0 0.016129032258064516 0.0 1.0 1.0 
0.6875 0.0 1.0 0.4339622641509434 0.6118721461187214 0.0 1.0 0.6564885496183206 0.0 0.1935483870967742 0.5 0.0 0.0 
0.8541666666666666 1.0 0.6666666666666666 0.6226415094339622 0.3264840182648402 0.0 0.0 0.31297709923664124 1.0 0.46774193548387094 0.5 0.3333333333333333 1.0 
0.5208333333333334 1.0 1.0 0.4339622641509434 0.2579908675799087 0.0 0.0 0.6793893129770993 0.0 0.1935483870967742 0.0 0.0 0.0 
0.8541666666666666 1.0 1.0 0.4811320754716981 0.1095890410958904 0.0 0.0 0.4122137404580153 1.0 0.41935483870967744 1.0 0.0 1.0 
0.5208333333333334 1.0 0.3333333333333333 0.1320754716981132 0.4178082191780822 0.0 0.0 0.648854961832061 0.0 0.0 0.0 0.0 1.0 
0.125 1.0 1.0 0.3018867924528302 0.3561643835616438 0.0 1.0 0.648854961832061 1.0 0.0 0.0 0.0 1.0 
0.3958333333333333 1.0 0.6666666666666666 0.2830188679245283 0.2945205479452055 1.0 0.0 0.7938931297709924 0.0 0.0 0.0 0.6666666666666666 0.0 
0.5416666666666666 0.0 0.3333333333333333 0.3867924528301887 0.2831050228310502 0.0 1.0 0.6870229007633588 0.0 0.2258064516129032 0.5 0.0 0.0 
0.6041666666666666 0.0 1.0 0.05660377358490566 0.2785388127853881 0.0 1.0 0.3893129770992366 0.0 0.16129032258064516 0.5 0.0 0.0 
0.5208333333333334 0.0 0.6666666666666666 0.1509433962264151 0.2009132420091324 0.0 0.0 0.6641221374045801 0.0 0.25806451612903225 0.5 0.0 0.0 
0.8333333333333334 0.0 0.0 0.4339622641509434 0.2579908675799087 0.0 0.0 0.6106870229007634 0.0 0.2903225806451613 0.0 0.6666666666666666 0.0 
1.0 1.0 1.0 0.29245283018867924 0.4063926940639269 0.0 1.0 0.6946564885496184 1.0 0.0 0.0 1.0 0.0 
0.8125 1.0 0.6666666666666666 0.22641509433962265 0.3447488584474886 0.0 0.0 0.6106870229007634 0.0 0.16129032258064516 0.0 0.3333333333333333 1.0 
0.6041666666666666 1.0 1.0 0.29245283018867924 0.3972602739726027 0.0 1.0 0.7633587786259542 0.0 0.0 0.0 0.6666666666666666 1.0 
0.6458333333333334 1.0 1.0 0.29245283018867924 0.3013698630136986 0.0 1.0 0.5343511450381679 1.0 0.4516129032258064 0.5 0.3333333333333333 1.0 
0.4583333333333333 1.0 1.0 0.4339622641509434 0.3949771689497717 0.0 0.0 0.7786259541984732 1.0 0.25806451612903225 0.0 0.0 1.0 
0.5416666666666666 1.0 1.0 0.6226415094339622 0.3721461187214612 0.0 1.0 0.5648854961832062 1.0 0.12903225806451613 0.5 0.3333333333333333 1.0 
0.4791666666666667 1.0 0.0 0.5471698113207547 0.3926940639269406 1.0 0.0 0.816793893129771 0.0 0.1935483870967742 0.5 0.0 1.0 
0.6458333333333334 0.0 0.6666666666666666 0.07547169811320754 0.4383561643835616 0.0 0.0 0.6793893129770993 0.0 0.0 0.0 0.3333333333333333 0.0 
0.6041666666666666 1.0 0.6666666666666666 0.10377358490566038 0.2602739726027397 0.0 1.0 0.6335877862595419 1.0 0.0967741935483871 0.5 0.0 1.0 
0.7291666666666666 1.0 0.6666666666666666 0.29245283018867924 0.4178082191780822 0.0 0.0 0.4580152671755725 1.0 0.2903225806451613 0.5 0.0 1.0 
0.16666666666666666 1.0 0.6666666666666666 0.33962264150943394 0.2831050228310502 0.0 0.0 0.8854961832061069 0.0 0.564516129032258 1.0 0.0 0.0 
0.625 1.0 0.0 0.7169811320754716 0.3698630136986301 0.0 1.0 0.6717557251908397 0.0 0.03225806451612903 0.5 0.0 1.0 
0.4583333333333333 1.0 0.6666666666666666 0.29245283018867924 0.271689497716895 1.0 1.0 0.7251908396946565 0.0 0.3870967741935484 0.5 0.0 0.0 
0.2916666666666667 0.0 0.6666666666666666 0.2641509433962264 0.19863013698630136 0.0 0.0 0.7175572519083969 0.0 0.03225806451612903 0.5 0.0 0.0 
0.6041666666666666 1.0 1.0 0.32075471698113206 0.2054794520547945 0.0 1.0 0.4580152671755725 1.0 0.3548387096774194 0.5 1.0 1.0 
0.0 1.0 0.3333333333333333 0.33962264150943394 0.1780821917808219 0.0 1.0 1.0 0.0 0.0 0.0 0.0 0.0 
0.25 0.0 0.3333333333333333 0.33962264150943394 0.1780821917808219 0.0 1.0 0.7709923664122137 0.0 0.2258064516129032 0.0 0.0 0.0 
0.7083333333333334 0.0 0.6666666666666666 0.3867924528301887 0.2876712328767123 0.0 1.0 0.7709923664122137 0.0 0.0 0.0 0.0 0.0 
0.4583333333333333 1.0 0.6666666666666666 0.0 0.23059360730593606 0.0 0.0 0.6335877862595419 1.0 0.0 0.0 0.3333333333333333 1.0 
0.5208333333333334 1.0 0.6666666666666666 0.24528301886792453 0.3013698630136986 0.0 1.0 0.5801526717557252 0.0 0.06451612903225806 0.5 0.0 1.0 
0.3125 1.0 0.3333333333333333 0.24528301886792453 0.2146118721461187 0.0 0.0 0.7557251908396947 0.0 0.0 0.0 0.0 0.0 
0.5208333333333334 1.0 1.0 0.1509433962264151 0.2579908675799087 0.0 0.0 0.4198473282442748 1.0 0.4516129032258064 0.5 0.3333333333333333 1.0 
0.75 1.0 1.0 0.3867924528301887 0.2922374429223744 0.0 1.0 0.42748091603053434 0.0 0.4516129032258064 0.5 0.3333333333333333 1.0 
0.5833333333333334 1.0 0.6666666666666666 0.5283018867924528 0.0958904109589041 0.0 0.0 0.7862595419847328 0.0 0.25806451612903225 0.0 0.0 0.0 
0.7083333333333334 1.0 1.0 0.33962264150943394 0.4657534246575342 1.0 1.0 0.46564885496183206 1.0 0.2903225806451613 0.0 1.0 1.0 
0.125 0.0 1.0 0.41509433962264153 0.13013698630136986 0.0 0.0 0.8473282442748091 0.0 0.2258064516129032 0.0 0.0 0.0 
0.25 1.0 0.3333333333333333 0.3867924528301887 0.17579908675799086 0.0 0.0 0.46564885496183206 0.0 0.0 0.5 0.0 0.75 
0.6875 0.0 0.6666666666666666 0.33962264150943394 0.3127853881278539 0.0 0.0 0.1984732824427481 0.0 0.1935483870967742 0.5 0.3333333333333333 1.0 
0.2916666666666667 0.0 1.0 0.3584905660377358 0.4908675799086758 1.0 1.0 0.4961832061068702 1.0 0.48387096774193544 0.5 0.0 1.0 
0.6041666666666666 0.0 0.0 0.5283018867924528 0.3584474885844749 1.0 1.0 0.6946564885496184 0.0 0.16129032258064516 0.0 0.0 0.0 
0.4791666666666667 1.0 0.0 0.22641509433962265 0.136986301369863 0.0 1.0 0.9083969465648855 0.0 0.0 0.5 0.0 0.75 
0.6666666666666666 0.0 1.0 0.4811320754716981 0.4132420091324201 0.0 1.0 0.5725190839694656 1.0 0.16129032258064516 0.5 0.0 1.0 
0.20833333333333334 1.0 1.0 0.22641509433962265 0.21232876712328766 0.0 0.0 0.5267175572519084 0.0 0.1935483870967742 0.5 0.0 1.0 
0.3333333333333333 1.0 1.0 0.19811320754716982 0.3059360730593607 0.0 1.0 0.8702290076335878 0.0 0.0 0.0 0.0 0.0 
0.4791666666666667 1.0 1.0 0.32075471698113206 0.2945205479452055 0.0 0.0 0.6870229007633588 1.0 0.0 0.0 0.3333333333333333 1.0 
0.6875 1.0 0.6666666666666666 0.33962264150943394 0.23972602739726026 0.0 0.0 0.5725190839694656 0.0 0.2903225806451613 0.5 1.0 1.0 
0.6875 0.0 1.0 0.6226415094339622 0.0867579908675799 0.0 1.0 0.5648854961832062 0.0 1.0 1.0 1.0 1.0 
0.5 0.0 1.0 0.41509433962264153 0.2465753424657534 0.0 1.0 0.6793893129770993 0.0 0.0 0.0 0.0 0.0 
0.2916666666666667 1.0 1.0 0.24528301886792453 0.11643835616438356 0.0 1.0 0.37404580152671757 1.0 0.4032258064516129 0.5 0.0 1.0 
0.375 1.0 0.6666666666666666 0.41509433962264153 0.2990867579908676 0.0 1.0 0.648854961832061 0.0 0.0 0.0 0.0 0.0 
0.4791666666666667 1.0 0.3333333333333333 0.24528301886792453 0.454337899543379 0.0 0.0 0.7709923664122137 0.0 0.03225806451612903 0.0 0.0 0.0 
0.8125 1.0 0.6666666666666666 0.8113207547169812 0.3378995433789954 1.0 1.0 0.6030534351145038 1.0 0.25806451612903225 0.5 0.0 1.0 
0.20833333333333334 1.0 0.6666666666666666 0.4339622641509434 0.4452054794520548 0.0 1.0 0.8473282442748091 0.0 0.0 0.0 0.0 0.0 
0.5 0.0 1.0 0.33962264150943394 0.3150684931506849 0.0 1.0 0.549618320610687 0.0 0.06451612903225806 0.5 0.0 0.0 
0.6875 0.0 1.0 0.4339622641509434 0.3242009132420091 0.0 1.0 0.6793893129770993 0.0 0.5806451612903226 1.0 0.6666666666666666 0.0 
0.4583333333333333 0.0 0.6666666666666666 0.4339622641509434 0.4155251141552511 0.0 1.0 0.5419847328244275 0.0 0.24193548387096772 0.0 0.3333333333333333 0.0 
0.6458333333333334 1.0 1.0 0.33962264150943394 0.2899543378995434 0.0 0.0 0.5572519083969466 1.0 0.2258064516129032 0.0 0.3333333333333333 1.0 
0.75 1.0 1.0 0.1509433962264151 0.2785388127853881 0.0 1.0 0.6641221374045801 0.0 0.0967741935483871 0.0 0.6666666666666666 0.75 
0.75 0.0 0.6666666666666666 0.5754716981132075 0.3264840182648402 0.0 0.0 0.5877862595419847 0.0 0.12903225806451613 0.0 0.0 0.0 
0.6458333333333334 1.0 0.6666666666666666 0.4339622641509434 0.13470319634703196 0.0 1.0 0.6412213740458015 0.0 0.48387096774193544 0.5 0.0 0.0 
0.6458333333333334 1.0 1.0 0.4811320754716981 0.3561643835616438 0.0 1.0 0.5419847328244275 1.0 0.4516129032258064 0.5 0.6666666666666666 1.0 
0.5208333333333334 1.0 1.0 0.24528301886792453 0.1415525114155251 0.0 0.0 0.32061068702290074 0.0 0.2258064516129032 0.5 0.3333333333333333 1.0 
0.3125 1.0 0.3333333333333333 0.33962264150943394 0.21232876712328766 0.0 1.0 0.8931297709923665 0.0 0.0 0.0 0.0 0.0 
0.3125 1.0 1.0 0.16981132075471697 0.3744292237442922 0.0 1.0 0.6259541984732825 0.0 0.0 0.0 0.3333333333333333 0.0 
0.4583333333333333 1.0 0.6666666666666666 0.1509433962264151 0.11187214611872145 0.0 0.0 0.3969465648854962 0.0 0.0967741935483871 0.0 0.0 0.0 
0.625 1.0 0.6666666666666666 0.5283018867924528 0.1963470319634703 1.0 0.0 0.6564885496183206 0.0 0.25806451612903225 0.0 0.0 0.0 
0.875 0.0 0.3333333333333333 0.6226415094339622 0.4018264840182648 0.0 0.0 0.6946564885496184 0.0 0.06451612903225806 0.0 0.6666666666666666 0.0 
0.6666666666666666 1.0 0.6666666666666666 0.5283018867924528 0.2671232876712329 1.0 0.0 0.5038167938931297 1.0 0.16129032258064516 0.5 0.0 0.0 
0.5416666666666666 1.0 1.0 0.3584905660377358 0.5182648401826484 0.0 0.0 0.46564885496183206 1.0 0.1935483870967742 0.5 0.3333333333333333 1.0 
0.7291666666666666 1.0 0.6666666666666666 0.4339622641509434 0.4771689497716895 0.0 0.0 0.6641221374045801 0.0 0.0 0.0 0.0 0.0 
0.2916666666666667 1.0 1.0 0.5283018867924528 0.2762557077625571 0.0 0.0 0.7633587786259542 0.0 0.24193548387096772 0.0 0.0 0.0 
0.6041666666666666 0.0 0.6666666666666666 0.24528301886792453 0.4885844748858447 0.0 0.0 0.7709923664122137 0.0 0.0 0.0 0.0 0.0 
0.6458333333333334 1.0 1.0 0.33962264150943394 0.182648401826484 0.0 1.0 0.46564885496183206 1.0 0.3870967741935484 0.5 0.6666666666666666 1.0 
0.6041666666666666 1.0 0.3333333333333333 0.24528301886792453 0.3607305936073059 0.0 1.0 0.6793893129770993 0.0 0.2903225806451613 0.5 0.0 0.0 
0.4166666666666667 1.0 0.3333333333333333 0.33962264150943394 0.319634703196347 0.0 0.0 0.7633587786259542 0.0 0.0967741935483871 0.0 0.0 0.0 
0.3958333333333333 1.0 0.3333333333333333 0.1509433962264151 0.23515981735159816 0.0 0.0 0.7404580152671756 0.0 0.16129032258064516 1.0 0.0 1.0 
0.4791666666666667 1.0 0.6666666666666666 0.7358490566037735 0.16666666666666666 1.0 0.0 0.6946564885496184 0.0 0.08064516129032258 0.0 0.0 1.0 
0.3125 1.0 0.3333333333333333 0.24528301886792453 0.3127853881278539 0.0 0.0 0.7786259541984732 0.0 0.0 0.0 0.0 1.0 
0.5625 0.0 0.3333333333333333 0.4339622641509434 0.3835616438356164 0.0 1.0 0.6259541984732825 0.0 0.20967741935483872 0.5 0.0 0.0 
0.5833333333333334 1.0 1.0 0.4339622641509434 0.1506849315068493 0.0 0.0 0.5877862595419847 0.0 0.06451612903225806 0.5 0.0 0.75 
0.7916666666666666 1.0 1.0 0.6226415094339622 0.365296803652968 0.0 1.0 0.2824427480916031 1.0 0.24193548387096772 0.5 1.0 0.0 
