-3.876054 18.228718 -9.889589
12.582663 18.638722 1.763091
0.676443 20.460260 -4.804870
6.356441 6.993180 1.229339
-7.275483 9.201127 4.991994
12.210209 10.491366 4.141177
-7.293919 19.774324 -7.128255
0.527832 1.105484 7.768227
10.744703 12.683175 -5.542765
-2.852034 2.987944 -10.340339
5.217616 2.714600 4.689486
11.128642 8.509026 6.958720
-5.992260 18.023023 6.199827
6.238381 1.019990 2.237788
5.352943 7.432931 4.479533
2.678909 12.619490 -10.912290
-9.138500 3.997593 -3.517957
6.238466 17.337466 2.237355
1.163923 18.017861 7.613836
2.483135 15.985189 -4.579348
7.201456 7.165984 11.511064
-0.892200 10.002651 7.916095
4.756580 11.854836 -3.140265
-4.700599 4.014655 7.015070
5.742000 2.924076 3.758603
5.532327 0.520557 -2.105675
-8.373295 13.788190 3.403769
-2.258277 6.365824 7.815546
1.123596 16.347631 -4.812333
6.473172 20.174087 -9.611763
2.408192 20.111837 13.754617
-0.384032 20.101738 7.893260
12.349219 0.260276 -1.527368
12.353702 7.760547 3.512696
-3.967458 5.246409 7.346279
1.830055 8.988810 7.387871
5.595254 20.030686 4.055385
6.284546 5.015704 0.008588
5.568278 7.770185 -2.043593
-1.391751 1.202852 -10.777663
0.911714 6.107815 -4.813987
-8.721836 11.919615 -4.729593
5.570468 10.242782 4.102156
-2.133738 12.126364 -10.583690
6.338195 1.025111 1.527675
4.102210 2.212875 5.981241
4.674351 15.287817 -3.225452
12.118484 8.419985 4.481486
-5.527666 17.450927 6.531164
-5.796592 2.681386 6.345107
10.779798 4.352207 7.582319
-9.395644 7.891206 0.244020
11.133369 5.604124 -4.874448
1.811802 8.485398 7.394996
6.049693 11.822009 2.970460
1.958248 6.359191 7.336279
-2.123822 2.680999 -10.586657
-5.491209 16.431358 6.555230
0.441625 10.480667 -4.784099
-9.376891 20.090351 0.377868
9.776800 6.681551 -6.877262
11.607429 17.130905 5.940900
1.907046 16.135818 -4.725665
0.515921 2.551656 -4.791947
5.519888 6.811150 -2.126754
-7.257390 11.536190 -7.173516
4.097754 13.261744 13.215793
3.654412 6.813386 6.356634
-7.385618 6.530513 4.862432
-7.897641 5.480423 4.184195
-7.072481 15.222247 5.218119
-2.009303 1.746051 -10.620182
8.760309 19.636035 -7.949414
-7.425350 8.559531 -6.960881
-4.616105 17.502257 -9.478017
11.575521 5.315295 6.016439
1.042529 3.193769 7.647768
12.396228 13.217000 3.292239
4.194045 18.462378 -10.571702
5.376474 6.411474 -2.356280
12.597946 5.639988 1.445740
-8.542468 10.804015 -5.132602
11.380123 14.183424 6.452609
-3.274372 17.700943 7.584921
8.945997 14.273458 9.985310
-1.068864 14.450059 7.916357
4.397404 12.548417 -3.487773
5.102214 13.752951 -2.738355
3.513340 17.694375 -4.124397
8.401130 12.121830 -8.270268
5.958020 16.316584 -1.218801
1.369333 8.752053 -4.798805
12.593824 6.269125 1.549580
4.593793 15.884792 -3.305519
-7.896776 10.232589 4.185463
5.408072 5.633046 12.622644
-7.360756 12.907010 4.892127
-2.572686 18.308962 -10.441735
1.494348 12.984067 13.950651
1.871384 0.870097 7.371535
-0.073009 7.897107 -10.988688
-3.360483 19.435277 7.558985
-9.270045 3.932776 0.969348
-4.681886 5.499240 -9.437553
-3.574155 17.221797 7.490145
9.374770 0.724252 9.517636
4.231411 9.501604 -3.628780
9.908279 7.734351 -6.717241
6.298335 18.801559 0.100471
12.111455 3.718756 -2.485862
5.844826 11.182697 -9.935652
12.595112 4.612399 0.475006
-5.351290 6.468299 6.645129
10.423784 6.162354 -6.029398
4.087842 12.756270 5.994277
3.669155 20.560226 -4.030988
5.856901 0.527056 -1.466832
-9.392323 3.087236 -2.263823
-6.738614 4.017722 -7.764383
12.114237 7.012669 4.496395
9.211394 2.557907 -7.506433
5.414741 15.907329 4.377802
11.404380 13.902184 -4.341076
-4.287430 14.821515 7.212178
-9.136289 15.426560 -3.526067
4.966225 10.812387 -2.905664
-8.563751 4.266142 -5.087218
4.653310 2.635154 -3.246680
2.686834 2.951396 6.988202
-2.191035 1.125657 7.826036
2.150405 3.281820 -10.980380
3.077970 13.397957 6.758782
2.329844 1.682504 13.773949
2.532080 18.966596 -4.563549
4.906209 20.437156 -2.975546
-9.347152 19.794073 -2.564381
8.971301 20.123907 9.958921
10.533564 12.178076 7.979445
12.605894 14.639526 1.027398
-9.469968 15.435027 -0.622190
1.825199 6.054880 -11.009595
6.094808 6.489639 -0.819067
-0.614867 20.210715 7.907712
0.906396 11.610048 7.683275
4.942172 1.787941 5.071778
12.016912 13.205829 -2.795561
7.863783 19.141756 -8.704068
5.169394 18.499853 4.760469
-4.703547 13.835703 -9.424082
-0.677241 15.847116 7.910449
-1.777621 8.358130 7.877844
-8.263040 3.388119 3.601391
4.432832 6.090330 5.660439
5.306746 6.929661 -2.459845
4.444427 1.917311 5.648410
-6.682860 6.365716 5.611407
-5.450684 6.590571 6.581668
7.077299 16.122735 -9.252081
5.313072 17.149258 -2.450645
5.770493 1.425393 -9.970795
6.159300 1.384614 2.588170
-9.241734 17.187930 1.097072
4.099692 10.546108 -3.732942
8.236469 15.395037 10.670802
-8.106182 14.077879 -5.954856
5.092613 14.616355 4.869749
1.613858 8.236547 -11.023434
-7.326059 14.795946 -7.087989
12.486467 16.912613 -0.731344
-1.555311 20.882147 7.896742
-2.946533 6.405898 7.674356
-0.352555 12.896015 -10.957741
1.445761 13.437319 -11.031553
-6.546351 14.383560 5.737939
-5.774424 20.634916 -8.658529
-9.383906 2.958052 0.329432
12.061512 9.092579 4.676067
-1.961485 2.173529 7.857489
2.466864 2.846080 -10.942690
-9.269925 12.314805 0.969911
4.400536 8.586598 5.693647
-2.538971 19.894582 7.765452
-6.780310 19.380480 -7.720168
-9.477029 6.436561 -0.923585
12.134776 2.792010 4.423663
6.304758 20.992477 1.835314
7.156771 2.125101 11.543679
4.325757 3.622397 -3.550023
2.630281 13.788995 -4.530205
5.057286 10.007523 -2.795073
10.071422 2.888576 -6.510505
11.657700 11.392577 -3.773780
6.004996 2.568972 -1.091484
-6.015324 11.748854 -8.455966
-2.891117 0.513401 7.688037
-9.475793 9.760250 -1.163283
11.199251 7.487399 6.822058
4.280459 10.915247 -10.545541
6.029202 20.028008 -1.022201
5.513237 11.097037 4.206942
12.555326 18.115421 -0.130198
-5.020927 3.187480 6.842505
4.201577 18.758101 -3.652952
0.359210 16.010820 -4.773996
5.552924 9.164650 4.134742
8.607452 8.418309 -8.089200
-8.946795 20.455097 -4.139817
1.655444 20.032876 -11.021031
2.512693 18.765850 13.728079
-4.669993 2.323150 7.030634
5.829287 20.468843 -1.529459
-6.041079 0.653400 6.162210
6.328833 13.784848 1.628926
6.915816 14.483800 11.714815
4.551385 13.229256 -10.458612
2.825658 16.875353 -4.457199
0.094386 18.873990 7.841377
12.420027 1.625368 3.158787
0.939585 12.644342 7.674864
6.331550 19.872037 1.601269
5.820481 16.935397 -1.549030
0.459856 13.540632 -11.027666
10.468638 6.668193 8.079133
-0.520939 16.525236 -10.935572
1.089897 20.780548 -4.813217
5.783072 18.088798 3.668478
-8.383226 14.531565 3.385377
-7.571862 5.453016 4.631162
10.989038 20.572140 7.217940
2.374165 20.647901 7.149469
12.292724 7.035350 -1.787348
-9.078587 20.173132 -3.728734
10.335979 6.422245 -6.154066
-9.437912 12.956105 -1.859052
-8.033442 3.351790 -6.075785
-2.994831 15.059631 7.662096
0.095416 7.323646 -4.731590
-8.306370 19.623815 3.525116
-9.474501 20.257680 -0.764530
3.527174 6.422085 13.424603
3.293026 6.234446 6.618297
6.633688 3.301868 -9.521006
1.707905 8.458606 -11.017775
9.105727 1.851089 -7.614513
-2.624198 18.620831 -10.423696
2.303152 9.179686 7.183538
4.234429 10.882992 -3.626317
0.819842 10.128433 14.055011
0.933845 16.928343 7.676330
2.629352 10.831847 -4.530531
1.780901 14.029910 -4.748225
5.437905 17.965728 12.607162
10.555607 13.306203 -5.835676
12.087243 14.500483 -2.568009
2.367959 9.481063 -4.614402
5.685765 16.493357 3.876670
-4.201727 1.551161 7.249642
4.477350 1.093507 5.613947
6.353408 20.458899 1.299388
-6.172574 13.687477 6.058059
0.691936 18.009832 7.733859
8.816566 6.509076 10.118064
10.060856 2.583151 -6.524181
2.723397 7.313852 13.671938
5.910910 20.795042 -1.338319
3.545604 2.739628 -4.105642
-3.302856 11.715730 -10.157715
-5.421433 6.747914 6.600547
5.007217 15.520124 -2.856582
8.859835 8.617268 10.074093
-8.961753 0.243004 -4.096138
5.934699 11.692404 3.300505
-9.026483 8.512543 1.877590
4.666630 15.242175 -3.233267
5.554216 19.635252 -10.069380
4.740086 3.849593 -3.157643
6.355778 14.310086 1.246273
-9.036162 20.582593 1.847522
-4.277907 8.029324 7.216398
9.517859 8.499826 -7.176628
0.638993 18.352653 14.077311
9.428603 17.011330 9.455656
-7.748308 3.268112 4.396386
7.056399 7.938407 -9.265369
-5.448361 13.811633 -8.913686
-4.918377 4.582948 6.899704
-6.637144 20.293567 5.654391
5.736405 14.922571 -1.727055
11.353490 11.406643 -4.446347
6.219066 11.046868 2.332104
12.271140 7.752252 3.891744
5.178657 0.563801 -2.638335
3.842847 2.582754 6.206138
12.420588 18.397753 -1.151933
6.151923 16.289712 -0.618686
-5.620950 9.975525 -8.781244
-0.659354 11.357256 7.909715
11.827342 1.110675 5.379413
-6.616258 14.599316 -7.891162
3.076497 16.933406 6.759708
-3.202922 1.551390 -10.200276
5.969011 17.314433 -1.189793
10.215301 11.203214 -6.320089
-1.117156 13.357416 7.915743
-4.022371 8.846492 7.324375
2.597766 7.944201 13.705837
6.307198 11.375952 1.816759
10.308862 2.270131 8.316408
5.861311 20.038722 -1.456647
2.477721 12.205371 -10.941234
2.381665 13.298664 -10.953739
-8.589272 19.850388 2.978364
-7.000707 2.988986 5.294404
-9.474625 16.197698 -0.769686
8.065933 4.211924 10.821264
12.505301 8.991233 -0.590114
-9.467278 18.039526 -1.430518
6.339243 5.200365 1.515120
-2.590940 0.170326 7.755054
5.796879 3.221624 -1.600574
2.907744 7.350685 6.862601
8.324488 11.004183 10.591105
12.342616 6.245376 -1.559196
-6.858563 0.034378 -7.635743
6.322165 8.049481 0.288122
7.178130 1.177594 -9.187092
3.617089 10.539728 13.393574
6.360657 19.258324 0.921665
-3.296027 6.029070 7.578495
-9.129822 5.271659 -3.549635
0.109800 13.051137 -11.005004
-2.514030 2.869811 7.770317
-8.841413 0.949977 -4.430297
8.689938 2.354978 10.244456
-9.477285 10.188480 -0.981059
5.370492 10.322896 4.451044
-7.219059 13.761779 5.056443
-1.625153 2.744572 -10.722701
0.412844 5.049619 -4.780738
-6.341982 8.924788 -8.160238
5.316895 5.332943 -2.445067
7.032987 13.109871 11.632582
10.048207 13.289824 8.681185
2.044839 15.732840 7.299870
4.048040 10.586525 6.030023
-8.942641 7.748262 2.124491
4.164150 2.921630 -3.682789
3.180610 17.101494 6.693070
-4.231708 0.272305 7.236666
12.602884 4.783934 0.719805
3.440652 18.645702 -10.768526
1.733236 10.833813 -11.016114
8.173207 9.262231 -8.460681
-2.195657 19.398097 -10.564921
5.551221 15.889958 4.137881
3.557419 15.291235 -4.098699
5.186839 16.357736 -2.627354
5.815537 16.585602 -1.559936
0.731926 5.852319 -4.808067
-2.744081 14.111361 7.722353
-2.252157 6.201928 7.816525
-1.983248 1.954602 -10.627618
-9.464977 17.548329 -1.478024
7.745283 9.370213 -8.792914
9.406992 13.614950 9.480631
9.001683 7.067143 -7.718285
-0.046682 2.320071 7.859782
5.653860 0.066775 3.941165
12.559967 19.456972 2.073637
11.861654 1.707073 5.284279
12.176931 10.860305 4.268990
12.556393 4.490669 -0.118287
2.134216 9.518096 7.260943
-5.146704 16.154776 -9.131874
-9.111288 14.790753 1.600851
0.084635 11.339317 -4.729525
6.048810 0.341864 2.973221
6.358338 2.651066 1.172474
4.336489 10.753227 5.758247
0.284217 11.484645 -11.017700
-2.750303 1.681006 -10.378283
-0.706301 16.650639 7.911555
-7.819832 6.579489 -6.410266
12.603569 11.438700 1.241010
12.354844 13.895450 3.507039
2.870341 14.948944 6.884577
4.970059 12.110637 -2.901120
10.121682 6.478309 -6.444882
12.008206 6.501751 4.848579
-7.363549 9.725629 4.888804
10.782929 20.738177 -5.481217
0.425732 12.846964 -11.025951
6.228909 14.081074 -0.294857
-8.533890 2.723304 -5.150728
2.795100 4.438914 -4.469212
3.530263 11.320733 -10.748006
-6.840400 13.615268 -7.655508
5.529501 18.788004 4.177601
6.689633 18.932158 11.868428
-3.344950 17.015571 -10.139426
6.323309 18.969625 1.681752
8.666148 6.738701 10.267828
-5.981241 1.414311 6.208240
2.740681 14.177526 13.667175
10.872238 19.272455 -5.334113
-6.438338 20.301162 5.834285
-6.661663 2.887732 5.631414
-6.211440 7.528976 6.026464
6.323878 13.259982 1.676504
5.806968 11.744243 3.614380
-9.454255 7.382171 -1.655809
-8.081047 10.880493 -5.997081
9.766857 2.488675 9.047617
4.977094 6.383596 5.026216
5.957007 11.301775 -1.221452
0.035925 5.741574 7.849323
10.278207 0.880288 -6.234293
6.360907 17.151912 0.953024
-3.674622 10.736966 7.455535
3.137201 15.220995 -10.832333
-2.649557 19.350696 -10.414707
3.507229 1.933013 6.467285
5.919688 12.171747 3.339852
0.360155 5.743438 -4.774120
-3.618587 2.897468 7.475017
12.305265 9.175287 3.741675
5.115974 13.786739 -2.720685
-8.599834 1.274086 -5.008876
0.739384 2.175876 -11.037725
11.845226 9.452334 5.330117
-4.239237 1.017353 7.233386
11.120642 15.338813 -4.897974
6.290097 1.935377 1.939194
6.267678 18.267898 -0.092886
-7.913026 9.946212 4.161565
8.033310 9.645257 10.849469
9.494162 15.410788 9.379120
11.220046 7.354499 -4.710818
-9.157004 5.388474 1.437179
3.527110 6.382815 -4.116430
6.009057 4.807897 3.093561
11.118128 6.835053 6.978738
5.902818 8.939131 3.383210
-9.402345 11.115907 0.192434
8.433956 9.647222 -8.242027
10.183503 0.332052 -6.362857
0.442713 8.824248 7.784594
6.344369 6.357433 1.448864
3.609935 17.889673 6.390688
-1.550705 8.593308 7.897067
5.941297 9.369270 3.282973
-6.078589 3.718179 6.132926
-8.962226 13.862534 -4.094744
3.297547 16.796698 6.615227
12.188797 1.267949 -2.207969
6.930373 8.120010 11.704699
-9.440421 17.578407 -1.831074
5.466242 9.001347 -2.215420
-7.920083 12.331041 4.151135
-9.366774 4.868804 -2.441626
4.788493 11.329298 -3.106217
12.475341 9.670469 -0.809477
-1.778998 7.959484 -10.683464
5.946664 7.683200 -9.886441
6.564074 20.771404 11.950871
-5.145236 14.463681 6.770624
6.730034 19.155970 11.841476
7.636810 12.476306 11.178170
6.187090 6.861975 2.474799
7.708419 17.886081 11.120678
-9.137541 19.803189 -3.521479
12.547574 17.242771 -0.213159
-0.823985 10.272197 -10.888915
6.294749 14.803925 1.907520
5.275195 14.438380 4.602177
12.323675 8.814343 3.657052
-7.512584 0.475725 4.706516
-9.477164 0.544602 -1.044283
-7.859948 11.125095 4.239011
11.720901 10.829579 5.660785
0.781133 18.540274 -4.810360
-4.161484 19.670271 7.266839
11.657918 3.553528 -3.773255
-3.042503 13.980722 7.649687
12.365630 1.607121 3.452918
-7.298633 7.687128 4.965180
-4.038074 7.357752 7.318028
-8.799746 7.909282 -4.537853
-9.409303 0.387423 -2.130173
6.348602 14.844094 1.385923
-1.154401 8.831498 -10.828000
11.438857 6.228792 6.325936
5.168985 9.981593 -2.651244
6.179514 15.633689 2.506581
6.068123 1.998212 2.911818
0.426794 13.739875 -11.026006
7.018759 3.083659 -9.289141
6.346587 12.797406 0.560750
6.472801 20.126457 12.009566
6.360989 12.840060 1.002127
2.570024 7.589646 -4.550927
4.734009 19.954047 -3.164008
-6.310014 17.236603 5.944622
6.357604 5.430734 0.780314
-7.771815 4.543361 -6.481616
-9.428632 10.984101 -0.037025
-2.317414 20.620226 7.805839
11.564505 13.475679 6.042213
-2.623596 20.088750 7.748339
0.939239 8.503423 -11.040562
1.966301 14.273407 -4.713911
6.339370 10.082160 0.464954
-1.766160 6.419028 -10.686831
1.627371 15.684027 7.463962
1.397366 17.808161 -4.796471
-4.188504 13.470898 -9.725290
5.010305 20.299882 4.982158
4.474948 5.239788 -3.417907
6.114177 14.873208 -0.753971
-7.062255 16.008593 5.229100
-9.452438 11.776991 -0.309427
-9.180696 0.529840 1.347438
3.997691 3.212091 6.074485
-4.153639 18.100046 -9.744289
-8.750835 9.232230 -4.659566
-3.517766 11.526633 7.508938
11.982761 7.681925 -2.900741
5.962268 2.932008 -1.207644
3.936937 19.677804 -3.852909
9.880786 1.896744 -6.751173
11.043621 12.507714 -5.037770
0.112417 3.416332 -11.005215
2.752852 18.890319 -4.485455
-2.184571 9.881634 7.827014
3.775723 3.111766 6.260929
7.033816 6.595585 11.631994
11.720615 20.272963 5.661515
6.729074 2.767082 11.842119
10.753071 11.252316 -5.529362
0.122691 4.085421 14.127950
-9.477289 9.176105 -0.984880
-4.959895 9.619657 -9.258997
-1.200575 5.228179 7.913989
4.581854 3.033511 -3.317111
6.271392 2.298528 2.057024
-5.182745 16.218559 6.748376
-3.120754 16.859454 -10.234372
1.534873 13.589003 -4.782676
-9.465521 18.856070 -1.467236
5.658810 13.262482 12.489597
4.895151 20.911529 5.131929
12.311836 0.237572 -1.702358
5.000298 18.358239 -2.864946
0.149141 5.139321 -4.741488
2.459951 12.492554 7.107073
0.062501 14.835983 -11.001078
11.375581 3.927207 6.462258
3.938905 18.037547 6.125353
1.170653 14.719104 -4.810706
-4.277448 15.573946 7.216601
-9.274002 20.303563 0.950791
4.783567 0.114213 -3.111510
3.643514 7.299778 -10.720968
12.307402 15.634159 3.731993
1.902904 4.437676 13.870913
0.507919 18.975628 7.772144
5.842639 13.642112 3.531144
0.808500 7.681894 7.707171
9.532847 18.759623 9.333401
5.372473 4.268353 4.447809
0.869500 10.309901 7.692441
2.246488 0.661188 7.210067
-1.051647 13.060912 7.916505
-2.850491 18.362692 -10.340923
5.412863 0.663272 -2.300254
1.234671 20.404160 -11.038129
-4.458477 4.849320 7.133940
-8.288731 8.204083 3.556377
5.093544 19.742863 4.868451
-0.003409 11.419324 7.854415
6.106708 3.388655 -0.779389
5.648080 7.598328 -10.027259
4.252598 7.952588 13.154153
9.328038 9.940537 9.570821
8.698224 5.266134 10.236288
10.253137 9.862850 8.396620
-7.340055 6.428724 4.916649
0.324244 6.501982 -11.020219
9.096093 20.991134 9.826633
-8.774977 16.136292 -4.600074
4.845493 12.803769 -10.355661
5.042570 14.149390 4.938652
-0.790754 12.519917 7.914161
-8.011648 1.943040 -6.111280
6.267022 15.468067 -9.723436
10.091537 9.894481 -6.484355
-4.384710 20.527143 -9.615150
-0.978552 20.737704 7.916716
-6.404643 14.553292 -8.100522
11.733685 6.914063 -3.586935
5.062010 18.503444 -10.274026
4.831571 9.720935 5.211174
3.019046 9.480636 -4.375914
5.349179 3.274107 -10.157905
2.016144 14.663019 13.846565
11.758578 12.243563 -3.523735
-8.982716 19.433168 -4.033761
7.740868 9.911407 11.094360
6.343839 12.164565 0.521926
12.354863 4.233744 3.506943
11.387081 1.197850 6.437786
12.605713 15.238627 0.922641
11.565422 2.924628 -3.989558
4.104932 6.227034 -3.728922
11.343468 6.927351 6.529907
1.538523 16.445924 7.495253
-9.148923 18.386259 1.466975
-5.956911 2.778207 6.226717
1.797757 18.647042 13.892643
3.266020 6.779384 -4.258414
-4.492148 7.306614 -9.552473
7.709329 19.217276 11.119942
-8.899600 5.033326 -4.273447
5.419717 16.311278 4.369436
4.337155 3.447031 5.757583
11.507204 12.829296 -4.120068
2.053779 10.817668 7.296038
6.729162 15.122852 -9.465406
-6.929708 11.580839 -7.557301
-3.710175 1.365706 -9.971497
-3.930216 12.570607 7.360877
12.164497 15.119462 -2.298030
-9.477063 10.228601 -1.060805
11.840472 14.778511 -3.308143
7.395763 6.539670 11.365936
9.512962 13.051073 -7.182099
0.740265 20.757093 14.065117
-3.721192 12.956703 7.439000
11.807739 16.924304 5.432743
-9.370075 15.278989 0.423310
-3.036572 3.409876 -10.268475
-6.265755 5.351761 -8.231545
-5.554597 4.448505 -8.832843
-9.470540 13.029050 -1.352549
0.761175 11.146712 -4.809491
5.434924 2.049900 -2.265586
12.578699 7.871097 1.825778
11.340750 20.996308 -4.472302
4.438501 0.241701 -10.495743
8.377468 12.023721 10.542445
1.905454 11.634033 7.357857
-8.736800 20.395257 -4.693648
1.843026 15.689162 -11.008243
-7.170550 1.285057 -7.279030
-1.498171 15.874091 -10.753281
-8.458523 15.292182 3.242487
-1.707745 16.902729 7.884457
3.008818 7.382511 -10.856710
4.834047 4.322022 5.208131
8.504786 19.396752 10.423340
2.123446 16.523752 -4.679126
8.831433 3.741286 -7.882663
-8.402003 16.634098 -5.418225
11.300345 12.049041 -4.553606
12.533956 15.079757 -0.346392
5.682561 18.175394 3.883226
12.227992 0.936542 -2.056635
11.414697 10.282106 6.378474
11.443349 13.407894 6.316101
-9.426991 20.673278 -1.971517
10.803851 5.056315 7.541776
5.365741 2.506653 4.458788
-5.138824 12.302717 -9.137357
5.594142 18.615992 12.524551
-5.180181 14.187248 6.749905
-1.967117 12.956107 -10.632186
9.630229 12.451507 9.216436
3.595943 6.794572 -4.075774
6.269515 13.539118 2.068128
7.113099 0.429433 11.575287
7.451473 15.940818 -9.003339
12.598783 9.492006 0.572616
-9.306236 18.077072 0.792009
-5.001672 5.292063 6.853388
12.540333 15.298491 2.282992
6.359124 5.131780 0.833584
5.104057 5.060834 4.853742
-0.485398 12.629813 -10.940474
0.413206 16.496050 -4.780782
1.236824 2.174092 7.592416
2.818657 9.587171 -4.459971
5.577835 6.488138 12.533295
-6.548698 12.271840 5.735809
-8.510308 16.692708 3.140456
3.324891 2.974184 6.596553
6.302367 12.472165 0.129261
-7.360060 14.625884 -7.044930
-7.831450 2.150276 4.279879
5.966217 5.544117 -1.197210
1.042198 16.108126 7.647858
1.086952 20.316114 -4.813283
-9.425408 11.353263 -0.005955
4.659978 12.846429 -3.239977
-9.337928 9.376658 -2.618832
-3.401181 9.362691 7.546368
-5.990630 5.944452 6.201074
-2.353688 11.626444 7.799662
2.197057 9.109045 7.232741
7.337911 5.196499 -9.081047
0.834639 4.523264 -4.812277
3.979791 19.834173 -3.822221
8.888831 9.616519 10.044398
6.017079 19.520478 -1.057239
-3.585888 18.767045 7.486178
10.259925 9.306342 8.386918
5.296826 15.565485 4.568622
8.980505 7.622976 -7.739094
5.105770 17.779272 4.851336
8.442430 14.936557 -8.234702
1.820875 5.820877 -4.741438
5.831446 19.523422 3.557596
10.854282 13.641387 -5.364072
4.534199 3.947281 -10.464349
-6.901492 18.065893 -7.588606
-4.598572 10.750199 7.066342
-4.983523 7.718966 6.863585
-9.212660 20.197917 1.220121
3.120410 10.460253 -4.329593
3.218077 9.573371 -4.282465
9.695766 14.827265 -6.973126
4.292084 18.141555 5.802083
2.907715 13.968974 -4.423826
-6.613776 17.417576 -7.893689
2.357324 12.317869 -4.617490
-2.954062 13.104799 7.672466
-4.997332 7.625464 6.855832
5.774884 11.726737 3.686728
-4.195461 8.927150 -9.721478
6.312437 19.358339 1.775412
-9.458157 18.678648 -1.597219
4.847747 10.560399 12.896587
11.778627 18.088088 -3.472071
-7.636185 19.073550 -6.676334
0.867367 20.095061 -4.813154
5.931619 19.547357 -1.286702
-8.736560 9.171108 2.651656
-4.716457 2.526274 -9.416018
9.654776 20.043699 -7.020847
4.369999 7.013004 5.724653
-8.570772 12.770352 3.017084
-9.237087 0.196885 1.117256
-6.440609 15.082485 5.832292
12.286718 8.448637 -1.813493
-8.449990 18.005186 3.258996
5.433738 19.149517 -2.267464
-6.175612 20.868168 6.055603
6.323343 18.994153 12.103482
10.438813 18.391426 -6.007718
6.299679 13.850343 1.872697
1.285125 9.056815 -4.804842
-4.092423 4.174065 7.295771
4.715386 5.131285 5.350174
-0.515195 15.539122 7.902309
-5.202071 2.550762 -9.093047
-7.889749 4.973419 -6.303960
-5.562832 2.025961 6.507694
0.208965 4.227702 -4.751745
2.019332 20.667941 -4.702761
-5.204127 10.926695 -9.091595
0.539867 6.309784 -11.031272
4.828125 11.615377 5.215402
-8.503656 0.628167 -5.213870
12.372547 1.575951 -1.411385
2.296049 3.575430 -4.634793
-9.268949 3.112948 -2.978237
3.258157 6.640727 6.641810
10.090785 7.820076 -6.485335
11.283320 12.759201 6.653994
1.016997 5.459256 -4.814327
2.668088 14.885720 6.998404
-9.477268 0.800637 -0.972105
-1.052770 2.013638 7.916496
-7.129504 2.713999 -7.327911
-8.784310 13.432889 2.537754
-6.285512 2.714162 -8.213202
10.839160 14.280934 7.481656
-6.513815 19.810408 5.767304
12.551100 0.968301 2.172835
2.760440 15.396026 13.661701
-9.397248 16.520303 0.231875
1.759897 17.823090 13.900262
-9.170154 3.589797 -3.398663
11.767773 7.604897 5.539301
3.326118 17.600303 -4.227398
0.897017 10.152902 -11.040265
4.919225 20.204642 -2.960584
12.174917 3.236444 4.276556
5.882437 11.055923 -1.407114
-9.268150 1.457564 -2.982007
12.274792 11.499195 -1.864655
-8.402039 11.326727 3.350255
2.898265 9.832004 -4.427752
4.844733 2.345588 -3.044809
5.254830 2.546892 -2.533932
-0.220446 1.098925 7.878870
3.777708 3.682603 6.259328
-3.810811 3.204254 -9.922236
2.734365 15.939632 6.962019
-6.016001 9.619810 6.181604
-7.493508 10.538267 4.730411
2.437477 0.829729 -4.593599
-9.475231 20.784253 -0.796845
0.856446 6.926776 -11.039826
2.938706 19.661548 6.844185
-7.553799 0.654263 -6.790016
10.243034 10.764040 8.411030
4.634798 8.100156 -3.265170
10.605575 4.020379 7.866524
-4.036599 10.387871 -9.806834
12.211687 5.995505 4.135375
-3.561915 20.854934 -10.041691
12.502150 3.753886 -0.614620
-8.796418 14.302255 2.508166
-9.440280 5.398400 -0.158996
-7.040144 20.088992 5.252715
4.846473 17.345363 5.192809
-7.024966 0.705681 5.268825
0.125463 1.194833 -11.006258
6.109079 7.146734 -0.771365
12.180805 11.483295 4.254383
6.311174 10.163332 1.785578
-9.459495 3.545463 -1.575757
4.406643 4.144226 5.687401
5.685354 15.956388 3.877512
-1.970653 1.165467 7.856362
5.773524 16.218379 3.689744
0.289082 11.926943 7.811645
3.033842 2.745060 13.582717
2.263674 16.868667 7.202082
3.661818 2.616360 -10.716482
-1.253608 19.128470 -10.807636
5.826784 18.692717 -1.535041
9.082631 8.365620 9.841079
10.007605 2.793183 -6.592494
1.167445 11.582015 -4.810831
11.150521 19.496929 6.916793
-8.429180 18.807390 -5.364730
4.514132 10.691480 -3.381580
-4.787934 12.863512 6.969786
12.576709 13.195289 0.139803
6.360987 2.167137 0.973508
-4.388583 14.521894 -9.612921
1.272730 12.874632 -4.805607
1.053222 8.304551 -4.813913
3.376529 1.171146 -4.200625
-6.369278 14.060526 -8.134349
-9.476893 15.655026 -1.081743
11.841542 12.490958 -3.305243
2.803473 19.349366 -10.892494
-9.452387 17.300021 -0.308721
-7.745298 20.830565 -6.520462
-5.182049 10.491285 6.748792
-5.940274 19.866917 -8.520421
5.269187 10.022103 4.611422
-8.701071 0.213805 2.733602
11.541869 20.672188 -4.042855
3.041454 1.295126 6.781587
-9.077443 13.655186 -3.732591
0.547756 9.413294 7.764252
11.484694 0.760036 6.224533
-2.694753 13.592541 7.733223
-0.335079 16.390360 -10.959890
2.758702 6.334868 -4.483232
6.228360 13.968596 -0.297475
0.785209 6.668470 14.059466
5.978186 3.522458 -9.870957
-6.677431 17.444017 5.616543
3.201918 5.988804 6.679126
8.877794 12.201362 10.055722
0.688872 18.154176 7.734535
-5.843280 6.795518 -8.601901
5.054719 16.737928 -2.798270
4.404241 18.749130 5.689859
1.267213 5.884577 -11.037378
6.210272 11.959564 -0.380835
6.594552 12.760425 11.931041
12.447278 7.234585 -0.992614
-4.721222 19.631867 -9.413035
5.157781 0.108888 -2.666105
4.993681 2.167800 12.828263
5.964329 9.103940 3.220574
1.487939 15.026933 -11.029756
6.342965 5.982431 1.467925
7.417171 19.043853 11.349612
-5.466759 17.020666 6.571220
1.209845 5.870284 -4.809002
10.653500 15.356734 7.789942
11.474876 13.412937 6.246447
5.975644 20.692345 -1.172064
2.715271 17.890988 -4.499550
-0.605258 0.649195 7.907247
-8.507605 12.668186 3.145861
10.771027 15.051214 -5.500470
-6.890524 12.196342 5.408028
-8.224690 9.382080 3.667483
-6.091970 17.718814 -8.388834
1.165805 2.913335 -11.039402
6.389731 2.906175 12.062099
6.119392 12.660998 -9.800119
5.560735 19.995023 -10.066488
5.652760 5.026411 3.943359
4.546253 15.572603 5.540294
0.026602 19.073815 7.850548
6.318792 4.787951 1.722130
5.911262 11.215195 3.361619
1.457525 6.295515 -4.790915
-9.476940 6.863896 -1.076525
6.062100 6.879182 2.931190
6.294254 11.178392 0.072288
-3.234346 7.633408 7.596627
1.328363 12.950174 -4.801924
10.739821 12.118509 -5.550567
1.851057 0.862565 -4.736091
2.596880 17.556088 -10.924542
8.894669 0.717764 -7.822376
-3.825098 7.632903 7.400968
-8.187526 3.420225 3.730317
5.578705 6.388613 -2.025253
-2.383670 6.757430 7.794429
6.341417 2.906071 1.488102
3.776974 5.445278 6.259920
1.544580 19.898531 -4.781554
-5.064922 5.313258 6.817387
0.935940 4.489327 -11.040545
6.323387 12.507629 1.681036
10.800032 18.636720 7.548236
-6.024068 9.291976 -8.448375
-0.602733 20.178634 -10.923839
1.409909 13.341579 -4.795374
2.979117 12.958298 6.819839
9.348561 10.329944 9.547535
-6.109743 19.190006 6.108346
5.392570 13.910800 4.414756
10.240179 7.723037 -6.286349
-9.475074 18.971940 -0.789466
5.210038 2.951945 12.723082
2.529138 20.902257 -4.564514
11.923073 0.624760 -3.077286
-7.037634 19.170605 -7.435108
10.551136 8.859756 -5.842382
12.603319 6.524399 0.740318
5.866584 6.384787 -1.444398
4.359952 19.582429 13.110137
5.376253 5.968110 -10.146487
-7.299125 5.263305 -7.121761
10.911943 6.319462 -5.267160
6.359407 4.432331 0.845662
-7.410323 7.696810 -6.980388
-8.489044 4.206100 3.182741
7.091218 2.029692 -9.243197
-4.135791 6.460454 -9.753949
-2.120827 0.738082 -10.587552
0.551197 10.978626 -4.795258
8.067404 8.398214 10.819988
1.323780 8.906043 13.980225
7.590493 9.565933 11.214934
1.319217 2.741950 13.980986
-5.332817 5.789313 -8.999205
6.353049 11.804018 1.306671
12.437743 11.535398 -1.051006
-3.809583 14.795780 7.406747
6.633834 18.661072 -9.520922
-7.960720 0.300716 4.090446
0.437200 1.706580 7.785620
-8.749388 17.263641 -4.663096
12.576415 3.696612 0.135504
-9.451456 15.601650 -0.296056
6.286393 18.626218 0.020371
9.748216 10.850826 -6.911312
-9.224559 0.283860 -3.177607
7.046475 4.808022 11.622997
-9.189107 3.068912 -3.324150
-1.760327 17.238288 7.879539
-2.876609 3.017512 -10.330996
-4.172162 20.355092 7.262301
6.219510 19.780053 2.330013
-7.376575 18.124840 4.873264
-8.211832 3.907864 3.689355
11.646306 19.718194 -3.801056
-7.497097 13.603238 4.725927
6.132254 19.764294 2.690969
12.605877 2.648938 1.034039
5.315594 3.565673 4.539159
5.431384 13.692591 -2.271186
-1.381897 11.539866 -10.779864
12.311620 20.435298 -1.703337
9.042232 5.090112 9.884172
4.790211 17.035910 12.922954
6.134639 16.089543 -0.682130
-0.642185 15.629988 7.908972
12.457505 0.480280 -0.927949
-9.470103 0.532911 -1.363937
7.379826 1.201240 11.378045
-9.001918 1.477692 1.952365
6.174439 9.257513 -0.531675
4.917556 18.993092 5.103436
6.135789 4.142552 -0.677994
9.697545 17.037710 -6.971043
-7.070070 14.482597 -7.397604
3.563800 15.580344 -4.094932
-9.452852 1.074388 -0.315135
0.709666 20.799857 7.729923
0.592854 11.953719 -11.033339
-5.439901 12.579752 6.588647
-0.222858 2.544596 7.879108
4.901744 20.361262 12.871550
1.603847 20.608933 7.472368
-6.265631 8.827334 -8.231659
7.585202 0.488964 -8.909270
-7.780836 10.166129 4.351277
-6.124614 16.053102 6.096532
-2.396007 7.117812 -10.501383
-6.198922 2.316971 6.036681
10.793741 20.599034 7.558859
2.693467 12.069815 -10.910050
6.567046 8.064412 -9.559097
8.154607 0.683009 10.743668
-9.312992 3.714881 -2.757457
12.600289 15.154059 1.374178
-7.941394 7.692876 4.119443
1.772189 14.428701 -11.013447
11.459614 10.108086 -4.223796
12.328028 19.639147 -1.628074
7.988940 11.411154 10.887539
-6.508255 5.285388 5.772291
6.926340 1.716287 -9.346658
2.142693 8.396174 -4.674502
-3.916273 6.301489 -9.869183
2.085442 17.953434 -4.688022
12.567376 1.678621 0.012716
-6.121942 0.326117 -8.362217
5.463295 2.706435 4.294989
7.598725 5.650032 -8.899600
12.591906 2.875453 0.402759
4.882180 16.852310 -3.002892
9.047971 10.519444 -7.672436
6.281322 8.071648 -0.011636
-1.134919 9.978245 -10.831886
10.954847 4.341924 -5.193688
-8.863636 13.560862 2.338205
-8.323452 8.746287 3.494562
-8.593786 3.358251 2.968843
6.303670 13.321732 0.138776
5.851161 14.770623 -1.480012
-7.021164 16.653577 -7.454012
6.254019 14.389683 -0.168287
4.354993 1.279575 5.739752
6.248036 8.875051 -0.199739
-9.468130 17.439440 -0.578165
12.495352 1.171340 2.665876
5.854585 13.832430 3.502563
2.989029 18.322383 6.813813
-5.023561 15.092467 6.841011
-7.666222 9.644067 4.507631
10.987789 19.241101 -5.136456
-1.256397 8.928140 -10.807049
-7.967488 5.751903 -6.182207
6.072767 8.908881 2.896738
0.343002 7.333851 7.802514
1.927856 13.190999 -11.001411
11.198257 2.782848 6.824009
-8.176371 5.479601 3.748950
-6.368667 6.477138 -8.134930
-0.793825 15.303225 -10.893950
2.295331 11.817351 7.187234
3.299017 19.884041 13.500256
11.502489 14.672718 -4.130460
11.322651 6.431749 6.573233
5.471587 1.210135 -2.206743
10.637555 7.109082 7.815552
4.683962 7.202409 5.386551
6.299236 12.790848 0.106823
7.599956 14.034330 -8.898718
-1.427798 18.333931 -10.769531
-8.127534 20.496555 3.829345
-8.730059 19.491434 2.666834
6.336545 12.620929 0.431974
4.233522 17.031360 5.858744
-5.443025 15.358698 6.586627
10.679354 5.076919 -5.646111
1.978466 15.933772 -4.711406
10.274679 9.224203 -6.239146
3.368686 10.874960 6.566265
7.141663 3.211666 11.554643
6.302703 9.905527 1.850636
2.831295 12.427100 -10.887876
4.492858 9.550588 -3.401390
-8.086112 1.012844 -5.988610
9.107484 19.599985 -7.612738
6.072379 12.398099 -0.891313
-5.261340 15.723735 6.700904
8.557796 1.518706 -8.133561
0.507505 2.978569 14.092033
-9.059052 3.775452 -3.793804
11.398074 2.447955 -4.354261
5.542433 9.934839 -2.088401
0.623182 4.225356 -4.801190
11.968936 0.337169 4.970482
11.022109 0.975886 -5.076050
-9.185322 19.236141 1.329478
5.510711 18.892691 -2.142176
11.874072 13.810873 -3.215982
11.272783 6.728379 -4.608208
3.827555 6.186052 6.218738
3.922122 8.909724 -3.863373
2.654197 2.636622 7.005919
-6.793552 20.091196 5.504695
1.859374 13.893684 7.376312
-2.813986 14.380092 7.706397
1.266904 10.057479 -4.805956
1.446898 10.807433 -4.791951
8.545071 19.777324 -8.144848
-9.414285 12.526614 0.094341
5.958889 17.678739 -1.216525
12.603028 20.509403 1.267488
6.349529 5.274226 0.606730
-4.726050 17.858705 7.002008
-8.189775 15.058064 -5.810921
-9.113972 13.937017 -3.606438
6.175140 17.050209 2.524616
-1.169609 16.199409 7.914742
1.093651 9.581284 -4.813130
4.900746 10.831954 5.124842
6.257519 10.247971 -0.149468
3.266620 14.447599 6.636130
12.431819 16.009195 -1.086430
6.168878 7.149961 2.550065
-6.922108 1.464703 5.375879
0.109744 14.172416 -4.734294
4.362327 6.792783 5.732383
-4.940989 19.444021 -9.271536
0.246651 0.562731 14.117543
11.538239 14.951941 6.103057
-7.028445 14.561388 -7.445667
5.970430 12.943665 -1.186015
11.823756 13.187035 -3.353157
12.580904 9.330413 0.203578
12.591329 8.520907 1.603864
4.115982 11.505941 5.968679
4.025872 17.965452 6.049702
-4.057484 19.734869 7.310131
0.955150 5.212285 -11.040633
7.407325 7.803756 11.357128
-3.865348 5.580002 7.385810
6.141683 11.907935 2.655886
6.098954 16.085300 -9.810522
3.343515 4.211227 6.583731
-4.939074 10.999035 6.888310
-8.573050 1.254225 3.012342
12.468314 6.464264 2.858147
-1.278254 18.086017 7.911568
1.744662 15.201477 -11.015346
5.630925 8.183849 -1.931008
-7.606290 14.648573 4.586611
12.590568 19.379489 1.619479
3.775062 2.652608 -3.963300
1.845604 5.331086 13.882860
3.713159 10.316001 -10.703726
1.539137 17.601544 -4.782185
-7.453148 5.001947 4.780411
0.721619 18.655056 -4.807522
9.866327 12.139632 -6.768918
2.032133 5.293439 7.305292
0.025693 2.183100 -10.997880
-0.477634 9.646107 -10.941528
5.906200 13.808838 -1.349869
3.478132 9.823507 -4.144520
5.986028 8.425145 -1.143964
0.425523 7.972759 -4.782241
7.333143 16.551646 11.413301
6.155622 4.720225 2.602553
12.471356 6.290571 2.837532
4.277134 5.612377 5.816671
-8.215422 4.583202 3.683262
-1.730643 19.782591 7.882358
2.959696 18.187587 13.604738
11.317949 6.579537 6.582962
11.895631 4.205829 5.187699
8.330099 14.566493 -8.330664
3.707071 12.000280 -4.007155
-9.475957 7.583511 -1.153819
1.675171 13.757072 7.446612
6.344872 20.554408 1.441847
2.763689 5.413670 13.660798
12.156618 1.070256 4.344469
-7.716484 6.360094 -6.562236
1.617368 20.975761 -4.772524
-6.713064 15.810159 -7.791220
2.879308 13.082275 -4.435564
3.391265 8.251550 6.550465
-8.749169 3.519390 -4.663630
12.263209 6.676383 -1.913434
-1.298770 20.231089 -10.798045
3.173655 7.214881 -4.304208
9.502627 10.890294 9.369151
10.176231 9.244198 -6.372582
6.450178 0.584490 12.023957
11.016675 20.102317 7.167717
-9.306159 18.904237 0.792406
11.843951 16.658338 -3.298707
11.645348 20.923272 5.849356
-4.707952 18.910010 7.011308
-0.574084 10.477733 7.905655
4.544557 12.669253 -3.352884
6.360984 12.540459 0.972168
-0.397300 8.923731 -10.952110
-9.472391 20.839708 -1.299560
12.570557 7.881185 0.054094
3.341899 0.835334 6.584847
-8.998319 19.018340 -3.986411
5.769955 7.084075 3.697642
8.484317 16.958426 -8.198287
-9.182657 0.369973 -3.349785
10.722628 2.426880 7.677373
4.117160 20.844632 -3.719503
6.058015 3.336329 -0.935980
-9.252814 5.146716 1.048095
10.537558 6.936342 -5.862685
12.591175 1.670109 0.387504
6.185925 8.855401 12.187474
9.331337 11.242197 9.567086
5.829670 8.284601 -1.528605
-8.256768 0.008385 3.612289
-0.970140 0.447406 7.916697
1.272761 9.214354 -4.805605
10.523803 4.355988 7.994559
6.257831 19.240129 -0.147775
12.584236 15.737258 1.736741
-3.771001 19.586029 7.420965
6.241580 5.282802 -0.232721
0.853975 16.427217 7.696240
-9.469933 9.220873 -1.368270
6.339131 15.267205 0.462086
6.240195 1.798424 -0.239672
-8.510828 9.687374 -5.198995
12.600152 17.880066 0.615366
5.550677 14.935541 -2.074207
-0.027809 9.397394 -10.993009
0.288076 6.179730 -11.017949
12.532123 4.442257 2.360985
6.064180 3.394585 2.924524
0.845689 3.411020 -4.812598
-0.711909 17.775945 7.911756
-9.088389 4.578015 1.678716
12.562754 14.106474 -0.044445
12.383535 15.200429 -1.354674
6.101843 3.853694 -0.795729
6.335875 9.929712 0.424444
3.271530 3.547334 -4.255611
3.590804 0.928014 -4.078857
5.984180 12.937655 3.165206
5.532029 8.462146 -2.106184
3.324638 15.148372 -4.228174
10.342776 19.037211 -6.144534
8.874768 20.383938 -7.841445
0.397584 16.479098 -4.778884
-8.341385 17.905328 -5.534756
9.488392 8.028070 9.385903
6.193111 15.323380 -0.455193
2.060189 6.552036 -4.693763
-8.132963 3.033243 3.820501
-1.608680 7.159868 7.892775
12.454773 5.780729 -0.945446
1.864258 12.072861 -4.733692
5.162550 13.139815 4.770394
12.211084 9.503717 -2.122888
5.750110 14.762312 -9.980318
11.228822 8.794915 -4.693909
3.296980 17.120865 13.500911
2.734045 4.207718 6.962197
-0.312633 9.229936 -10.962607
6.136518 10.944225 -9.791362
0.243662 0.755193 -4.757327
-6.526229 7.339569 -7.981719
-7.360188 1.567828 -7.044767
-7.990528 7.468198 4.045233
5.551221 13.203110 -2.073268
2.933595 12.232186 -4.412961
10.492091 20.016672 -5.930031
12.118418 11.060694 4.481721
4.349477 2.717964 -3.529653
10.057640 20.709933 -6.528337
-7.372755 9.698697 -7.028729
-4.685070 7.565687 7.022987
-5.405162 3.014990 -8.945949
5.557215 17.897687 -2.062886
4.814249 3.489301 -3.078320
1.105113 18.088359 7.630544
-8.995579 17.434644 -3.994786
3.617844 17.061938 6.384672
-9.243583 17.905161 1.088984
11.364459 0.266070 -4.423873
-1.647754 16.133248 7.889642
3.100739 7.232208 -10.839414
7.085720 13.103966 -9.246710
5.897168 3.519177 -1.371825
9.281065 19.003576 9.623712
12.164283 15.702991 4.316200
-2.070071 16.122906 -10.602565
10.635179 15.028744 -5.714679
-9.403329 14.472339 0.184670
-9.284735 0.065731 -2.902133
12.257642 11.885275 -1.936567
-5.633175 18.225424 -8.771642
5.921672 2.098072 3.334693
-9.428167 12.653196 -0.032484
1.978795 19.084960 7.327754
9.778438 2.831536 -6.875302
4.961201 7.467451 5.047048
12.583118 16.988088 1.755561
-6.181376 4.255404 6.050936
-8.223306 9.318613 3.669844
12.442527 1.780841 3.024359
-6.893700 2.633708 5.404811
5.951389 0.410457 3.255864
5.789737 15.985453 -1.615919
-7.879073 2.094840 -6.320383
-0.567998 9.396834 -10.928899
5.983120 14.282640 3.168202
-5.065310 6.893877 6.817164
-2.942555 16.273561 7.675352
7.322251 9.158883 11.421481
7.245628 11.663648 -9.142757
12.592658 10.388694 1.575579
4.085840 8.523893 5.996088
0.056231 8.979432 14.133076
-2.503928 15.039334 7.772264
2.184274 9.379391 -10.976784
7.503728 6.663278 11.282917
-9.047846 9.232595 -3.830410
3.291084 0.337821 -4.245597
-5.154419 2.733769 6.765201
0.160022 11.106529 14.124932
-9.129507 18.297579 -3.550775
-9.120807 16.636762 -3.582107
12.174236 14.663471 -2.262258
2.073958 12.813631 -10.988113
-1.364218 0.604728 7.908003
10.250931 5.288045 8.399771
4.060045 9.409514 6.019298
-9.242631 1.078249 -3.098806
-0.006611 2.852354 7.854820
5.873715 9.256975 -1.427713
1.971820 19.773230 -4.712778
-9.284127 7.337787 -2.905121
7.409692 5.688318 -9.032158
12.124066 18.408690 -2.442217
4.626683 13.012244 -3.273221
0.234779 8.734551 7.820446
5.384926 8.300072 12.634592
-9.443562 12.577503 -0.196777
-3.034907 2.637849 7.651685
8.211429 0.112145 -8.429429
6.281711 5.475606 1.993750
5.884194 19.745734 -1.402939
4.297149 20.595978 5.797121
-2.834653 6.705452 -10.346906
-9.459966 6.901096 -1.568029
-4.718477 11.440838 7.005906
11.619770 0.473362 -3.863868
2.628262 19.620456 -4.530913
1.525452 5.555788 -4.783745
6.074156 0.035803 2.892202
12.191806 13.997230 -2.196625
8.011954 10.760256 10.867835
2.412422 3.160428 -10.949827
11.053720 0.426082 7.099570
5.669856 14.201447 3.909044
0.894461 8.783398 -11.040241
-5.815911 2.077526 -8.624529
4.410275 19.323383 5.683678
10.840635 11.611907 -5.386710
6.160580 19.521654 2.583130
12.603638 2.531801 1.237381
-2.292194 2.367933 -10.534845
2.928706 20.192148 -10.871139
0.200747 12.200386 -4.750383
12.323992 10.600708 3.655568
9.472422 19.409530 9.404630
9.864781 17.154151 -6.770812
0.788388 20.925776 14.059061
-6.716184 18.695085 5.579677
-4.375738 15.965175 7.172368
-8.505684 6.371334 3.149697
6.062912 4.346802 -0.920885
3.202095 17.069210 13.531071
-5.450776 5.180599 6.581608
11.931038 2.434566 5.084368
-2.496327 20.095626 -10.467935
-9.419197 7.349631 0.051259
-8.755945 0.606730 2.605939
-8.144782 3.104041 -5.889077
7.856571 11.250423 10.999150
6.191437 16.516514 -0.462228
-3.160833 4.476153 7.617553
-4.646036 9.622230 7.042706
-6.177828 17.680310 6.053810
6.077852 8.228480 -0.873976
6.259399 9.069808 -0.139223
-1.303223 1.358982 -10.797088
6.019135 19.785563 12.286459
-9.410443 3.632285 0.126863
9.627815 18.846938 -7.051958
11.857436 19.400545 5.296100
1.613750 16.532549 -4.772999
-9.473755 1.639966 -0.735665
9.442199 7.576349 -7.260409
-9.439667 13.635141 -0.152129
4.869844 1.828492 5.163753
5.542036 13.401499 4.154755
5.996823 15.912957 3.129123
1.380517 8.465071 -11.034016
-6.749385 13.236586 5.547728
-6.990522 14.984164 -7.488932
-1.932940 7.697886 7.860931
-7.886793 2.397659 -6.308513
5.290103 10.648888 -2.483866
-8.864982 11.620564 2.334698
12.326411 8.995246 -1.635595
-9.475421 0.019924 -1.183017
12.254087 19.189687 3.963773
3.167238 9.750225 -4.307306
10.022664 3.094908 8.715566
6.266324 5.325405 -0.100608
4.172293 16.775791 5.916628
0.082335 13.561401 -4.729081
0.110642 20.127114 -4.734462
11.462020 19.521507 6.274983
-2.520750 9.913230 -10.459625
0.340339 10.568596 -4.771474
0.562575 16.736321 -4.796269
-9.474036 0.947664 -0.746146
-8.773173 12.604151 2.564714
2.155732 7.503347 7.251365
-7.625538 20.324629 -6.691215
9.197060 6.584222 9.716910
12.439884 12.636882 3.040622
2.719195 12.329029 6.970425
-4.298412 5.449543 7.207294
9.249240 8.000874 -7.467044
2.477611 13.060968 -4.581097
-6.520948 7.853863 -7.986961
-9.369093 10.837869 -2.426409
-0.610426 3.084576 7.907498
2.503296 2.777472 13.730500
7.549643 15.746452 -8.934558
5.387973 0.312678 -10.141519
-1.129564 3.207166 -10.832947
10.570099 4.037152 -5.813875
-8.597550 1.099465 -5.013889
1.112504 14.005604 7.628472
12.605684 8.209884 0.917867
12.212619 16.623071 -2.116936
5.625930 11.717450 3.996259
-8.948816 17.944693 2.107067
11.076477 11.213717 -4.978668
1.724126 17.141747 13.907360
0.503858 4.404830 -11.029722
-8.614700 4.192710 2.924357
12.601275 19.544917 0.654393
5.542292 17.847002 -2.088643
9.660390 12.840997 -7.014342
6.299346 10.774451 1.875094
11.725553 3.957491 -3.607360
-5.497962 9.657924 -8.876209
2.398769 9.629236 7.137449
-8.409222 4.160546 -5.404092
-4.720352 14.009368 -9.413580
12.504614 9.388021 2.594626
5.790836 4.822619 -1.613567
3.608526 14.841443 -10.729453
12.540262 16.881871 2.283684
5.494035 6.234793 -2.169929
11.504400 20.888998 -4.126252
4.418646 0.494340 5.675078
3.940245 16.280227 -3.850563
6.322397 20.758664 1.690098
6.349547 0.126226 0.607029
4.286926 20.776500 5.807126
6.357803 17.245428 12.082067
0.792392 6.805470 7.710973
-9.151597 7.795926 1.457159
7.242127 6.879023 11.481134
3.566151 10.476580 6.423686
-2.752043 15.168185 -10.377644
5.348608 10.151714 4.486524
-9.440329 19.072441 -0.159545
-7.943925 16.319766 -6.219519
12.113389 19.465416 -2.479207
9.678955 0.149214 9.156876
-1.623177 4.901233 7.891635
-7.615410 6.902475 4.574711
2.597798 8.544683 7.036040
6.801920 18.422254 11.793000
6.040373 0.482259 2.999414
-1.157405 8.422598 -10.827397
6.231308 9.952320 2.273151
3.361662 6.385087 6.571155
10.829822 17.395610 -5.404569
4.690212 17.218940 -3.209298
-8.362409 3.548280 3.423811
6.237311 8.747527 -0.254020
12.533048 19.016218 -0.354801
-1.973049 3.464427 -10.630509
-2.181707 6.615724 -10.569185
5.504398 19.471255 4.222746
11.485099 17.546204 -4.168569
-1.146528 16.801402 7.915225
-4.268038 19.274775 7.220755
-7.029116 18.491838 5.264428
6.358287 5.413381 0.802328
10.032359 12.355642 8.702544
-5.435148 15.115323 6.591716
1.757344 5.747517 13.900772
6.296949 13.202932 1.892149
11.352170 19.464727 -4.449043
5.298064 6.489748 4.566689
5.526086 4.573245 -2.116277
2.416931 18.365124 7.128505
-9.076675 9.544900 -3.735175
6.141098 13.159562 -0.658734
-2.174005 1.877365 -10.571530
6.171385 19.296018 2.539927
0.404766 18.274519 14.102666
-7.172315 20.221451 5.108887
4.436594 9.886447 5.656542
4.942630 18.270050 -2.933413
-9.034553 12.194464 1.852543
-3.067896 10.781626 7.642951
10.240049 10.770595 8.415278
-9.183398 18.225747 1.336966
4.456009 9.142036 13.069854
11.749906 2.886467 5.586040
6.576692 9.399597 11.942675
12.459030 7.379287 -0.918118
-9.199091 16.613781 1.275106
2.969597 6.100479 13.601823
5.990367 11.247582 -9.864942
-1.438889 19.006188 -10.767002
-6.254146 3.656308 5.991311
-9.251486 20.175447 1.054033
11.216596 4.684731 -4.717448
6.008439 14.530196 3.095374
0.113739 15.278970 7.838648
-7.241258 2.379700 5.031238
2.177802 8.461655 7.241456
-4.602396 7.817283 7.064452
-9.294800 7.388994 -2.851927
6.234378 1.610670 -9.740625
-7.152940 5.552445 5.130377
0.563952 17.128097 7.760981
-9.466811 2.031450 -0.549247
12.602337 17.993663 0.695971
5.656162 7.719768 -1.883949
-0.955833 19.783932 -10.865874
-9.169016 9.849849 -3.403059
6.197873 5.043501 -0.434982
-8.316170 5.447689 3.507621
-7.834532 12.567048 -6.388157
-3.419929 14.474653 -10.106311
-4.078191 0.132943 -9.784824
1.060876 7.874539 -11.040517
5.201185 8.147320 -2.607968
6.360701 14.088822 0.926066
12.599186 19.413695 0.584717
11.747720 16.263133 -3.551429
12.304764 9.276109 -1.734133
0.173932 14.285752 -4.745836
-7.179692 7.423081 -7.268056
-8.848822 7.331090 2.376531
0.812043 20.534133 7.706330
6.355695 11.650215 0.728516
-9.200110 6.310298 1.271028
0.029623 10.475931 7.850152
4.297278 19.413795 -3.574175
1.726754 14.975728 -4.756887
-4.666491 12.105794 7.032404
-3.458475 17.985608 7.528213
6.347023 1.965852 1.410496
1.345144 15.998060 -11.035190
12.016648 16.442928 -2.796385
10.322176 14.202563 8.297054
-9.176692 4.390843 -3.373235
5.230755 12.673469 -2.567464
0.754869 16.428511 7.719687
-5.499245 18.014882 6.549949
-8.494290 4.092035 -5.233199
12.350082 2.703844 3.530553
-2.308532 9.796666 7.807326
-4.519113 18.273527 -9.536473
-9.468346 14.248487 -1.406626
5.837832 14.756894 3.542542
-3.857185 8.847553 7.388903
10.602271 1.632160 7.871762
9.605189 15.219610 -7.077900
3.118796 10.140412 -10.835923
-8.328901 11.765071 -5.558298
-7.034762 7.731236 -7.438411
-8.355879 18.221039 -5.507233
5.548962 20.987817 -10.071708
-7.915445 3.091888 -6.264140
12.457919 2.255908 -0.925287
0.678736 4.251948 -4.805015
-4.522038 10.943605 7.103669
-0.058797 19.337235 -10.990067
-9.420656 6.814314 0.038104
0.883258 11.769596 14.046627
-5.441635 8.732621 -8.918732
-7.368551 5.749760 -7.034102
-6.059578 18.879772 6.147810
1.280407 13.027371 7.579233
-1.653129 18.688886 -10.715745
-1.875666 20.975305 -10.657570
4.791006 7.073695 5.260533
3.518762 13.410861 6.458823
12.601994 20.054414 1.312041
10.782558 18.046604 7.577684
5.621136 14.171626 4.005592
-3.886451 19.201786 7.377767
1.064032 13.208076 -4.813737
11.734913 8.670334 5.624847
6.245247 12.650451 2.202453
2.575315 12.688212 7.047874
5.103074 5.622698 12.775668
11.788301 0.419653 -3.446891
-1.939662 16.863954 7.860129
11.370827 6.752679 -4.410773
2.057218 11.930665 7.294560
6.261234 15.016577 2.115798
11.498463 0.139988 6.193613
11.446888 11.666513 -4.251108
12.190980 5.008533 -2.199742
-6.636207 17.898542 -7.870788
9.532760 11.647375 -7.159938
6.159146 14.019248 -0.591342
0.632540 18.879848 7.746728
-0.382341 5.807952 7.893129
9.456069 2.784303 9.423733
8.080351 13.527474 10.808741
-8.943400 13.316165 2.122354
5.587593 20.928332 -2.009499
0.816760 4.649987 14.055411
12.540346 11.633812 2.282865
0.431523 19.174194 -4.782940
-4.415117 1.053035 7.154215
-5.218516 4.775278 6.726914
6.174057 0.689696 -9.772040
2.910960 17.468536 -4.422473
-8.507052 13.996766 3.146965
-5.350079 13.476615 6.645891
-5.830993 18.898166 -8.612079
1.433422 4.832558 13.961464
2.910192 2.733374 6.861153
-3.880433 11.051426 -9.887378
1.229728 2.014093 13.995605
6.275698 3.203006 2.031094
-2.188224 13.690299 7.826462
-8.145163 11.143707 -5.888422
7.792461 10.990165 11.052171
12.010605 9.982664 -2.815228
2.591621 4.791158 7.039301
-8.572786 2.641153 3.012891
6.338674 16.613473 0.456637
6.268523 7.256426 -0.088044
-9.476893 6.329822 -1.081801
6.399035 18.038127 -9.652549
2.834333 18.276873 6.905456
2.337378 10.146716 -4.623213
6.136670 8.068433 -0.674815
-8.081701 14.410383 3.903101
5.311817 9.681539 -10.173528
-9.405863 20.604633 -2.158506
-2.024866 10.283548 -10.615707
1.358614 3.857838 -4.799654
2.112137 1.321056 7.270688
-6.469891 2.375721 -8.037257
6.223972 4.695171 -0.318221
-0.847745 3.714050 7.915408
7.390029 3.991695 -9.045629
-7.459508 2.828748 -6.916172
-8.773890 10.916587 2.562985
0.465166 3.009655 14.096507
-4.722895 4.036860 7.003633
-3.303157 5.347108 -10.157585
5.966297 12.533709 3.215152
11.445984 13.107258 -4.253040
3.089025 13.478517 -4.344214
-9.228544 15.035573 -3.160490
8.182377 5.549628 -8.453208
-7.080883 7.120563 -7.385019
11.999652 16.882797 -2.849123
6.684214 14.832370 11.872027
5.333638 2.882514 -10.164422
10.582025 1.875189 -5.795856
12.597097 3.785073 1.468995
-1.558902 20.182100 -10.738858
-9.453785 14.619314 -1.662526
3.864756 20.592528 6.187962
2.829219 19.234184 -10.888223
1.386535 0.057657 7.545935
11.338880 16.726679 6.539491
2.400996 17.914423 -10.951291
12.498244 13.673291 -0.644488
10.175211 16.757034 8.506712
2.172717 2.828912 7.243746
8.496890 14.986818 -8.187289
5.545675 6.251922 4.148084
6.163590 12.131906 -0.574260
3.931246 11.135115 -3.856937
-1.283389 1.939270 -10.801334
6.296807 4.776666 1.893145
1.993993 7.625556 13.851406
4.488994 3.470929 13.055824
1.996082 12.256964 7.320527
-9.458123 2.767050 -0.392674
-8.917061 20.855370 -4.224720
-1.366252 18.551270 -10.783338
-9.150972 3.790198 -3.471677
6.204263 9.421789 12.176394
5.761530 20.161934 3.716183
9.717572 14.428512 -6.947530
6.344219 13.435127 1.450943
-0.401410 7.902535 7.894586
2.702356 19.381042 -4.504317
-6.958593 9.843353 5.338322
-2.724310 0.444142 7.726748
-9.052648 5.033489 -3.814785
-9.202965 8.298411 1.259556
10.160064 9.091522 8.527837
10.901897 7.120138 -5.284193
-8.828944 11.690890 2.427168
12.498939 15.373498 2.638646
1.530403 2.280763 7.498051
3.125648 5.559590 -4.327128
-3.307163 9.255539 7.575166
1.992186 9.880679 7.322160
-7.380069 13.965586 4.869083
6.095471 2.343244 -0.816883
6.159478 8.880229 2.587470
-4.312129 11.638785 -9.656537
4.175466 12.022055 -10.577228
5.204113 2.659392 4.709554
-6.354318 19.136184 5.907022
-0.421287 1.764377 -10.949014
-9.421624 8.944689 0.029284
12.476857 0.810613 2.799641
11.466070 7.358173 -4.209874
-5.152301 1.999929 6.766453
6.545203 3.351737 11.963091
-8.854109 4.166412 2.362913
8.894679 5.233733 10.038386
12.605270 19.066715 1.125992
-2.262025 15.889866 7.814944
-1.544480 12.882087 7.897503
-2.730836 0.838719 -10.385410
12.600602 19.879020 1.363558
5.293492 17.123651 -2.478995
8.323983 13.463345 10.591566
8.225213 10.422683 10.680892
-8.397504 13.014010 -5.427005
-6.687766 19.903355 5.606757
6.979467 17.669040 -9.313741
6.683621 18.586022 11.872421
-4.743386 15.732992 6.993047
3.664732 12.860251 -10.715765
11.603975 20.910094 5.949142
0.261019 11.307802 -4.760019
2.690968 12.729963 -4.508487
-4.117374 5.272081 7.285403
6.224067 0.720545 -0.317775
-8.856975 3.683203 2.355502
1.242519 0.333614 7.590710
-5.086353 19.470056 -9.173591
11.452154 11.154580 -4.239827
4.508781 1.935381 5.580609
4.593261 6.001634 5.488820
3.780710 15.446901 6.256904
-5.347091 8.438468 6.647768
-1.635589 20.231680 7.890638
6.257880 20.802772 -9.728263
-2.158196 4.678739 7.830949
4.261511 2.333040 5.831825
6.291370 12.585010 1.930629
6.348182 4.752516 0.585015
12.161547 16.863712 4.326320
-7.526893 9.040763 4.688480
6.319578 18.274822 0.265325
6.003390 13.323622 -9.858491
-9.186487 5.927409 1.324930
4.507606 0.052681 -10.473167
5.649287 15.104946 -1.896872
2.247306 2.438805 7.209688
5.699691 19.263927 3.847971
-9.190745 7.108564 -3.317592
-6.621611 13.686450 -7.885706
-5.684190 2.357289 6.424734
5.479979 16.022195 -2.193052
4.091008 6.970136 13.218430
1.699999 1.904073 -4.760942
2.498410 19.586421 -4.574476
4.591259 4.365921 -3.307984
-6.757242 20.129205 -7.744695
10.413690 17.589104 8.161992
-8.340511 6.348606 -5.536409
3.555088 1.788360 -4.100072
-6.931017 19.687350 5.366750
4.773334 20.719462 -3.122461
-8.391804 8.164038 3.369408
0.178038 4.110053 7.829221
1.150176 12.342972 7.617787
10.270693 17.426366 -6.244625
6.033250 20.002919 -1.010342
-9.440469 14.467844 -0.161132
4.596456 3.671816 -3.302923
6.331557 20.310719 0.378152
-6.836754 10.938013 5.462005
10.421551 3.281353 -6.032610
0.440613 2.499173 -4.783984
12.585191 13.367620 0.274595
0.290057 19.742517 -11.018076
11.870689 3.753242 -3.225367
1.413622 10.574248 -4.795043
9.425183 18.991614 9.459617
5.509294 14.975067 -2.144549
-8.164770 5.792540 -5.854559
4.707393 8.564979 -3.191653
12.280152 16.203022 -1.841784
5.428217 16.572431 4.355080
-7.905168 14.231455 4.173142
6.501334 3.619278 11.991328
-8.052879 11.765223 3.948676
4.677870 13.299663 -3.221879
-7.702775 10.861640 4.458542
-1.483492 8.114881 7.901514
3.698695 16.731821 6.322182
-9.421794 7.293040 0.027734
8.942230 18.361268 9.989226
9.098781 1.995261 -7.621522
12.339201 11.695540 3.583450
5.393707 8.250685 4.412873
3.679912 19.370199 13.371484
3.737939 1.302566 13.350776
4.934400 10.229261 5.081814
3.707659 8.523993 -4.006781
-8.327211 12.763187 3.487800
3.099821 3.016185 13.562743
-8.108897 5.787997 3.859531
10.687746 12.413515 -5.632969
7.662630 0.711346 11.157532
2.702191 19.896760 -4.504377
6.361003 20.663861 0.984327
-8.443611 15.181871 -5.335997
-9.322299 9.561244 -2.707062
4.203314 15.731217 13.174008
12.111118 16.398666 -2.487019
3.299949 0.804076 -4.241023
6.296740 8.881967 1.893619
2.972192 0.927414 6.824036
12.549293 20.248134 2.192028
0.234806 8.614364 14.118585
5.446735 19.320889 12.602561
-7.961475 7.220458 4.089308
6.186808 3.631069 -0.481495
-7.570086 18.773293 4.633444
0.496934 5.336198 -4.790054
11.907991 13.660558 5.151950
6.360251 16.863232 0.890297
7.119276 0.686947 11.570832
1.011917 5.156654 14.028711
7.125505 17.764504 -9.221195
5.693311 9.359236 3.861163
0.886928 7.114134 7.688136
-5.902083 0.381274 6.267857
5.582361 20.809101 12.530870
-3.677582 16.744041 7.454494
2.847410 14.551686 6.897905
10.138176 14.162804 -6.423141
-6.161307 8.336045 6.067148
-5.395507 3.640787 6.617138
-9.473543 8.788473 -0.728043
1.069578 19.823418 -4.813637
6.360841 12.525469 0.942677
11.975901 17.691672 4.949159
11.883250 13.389805 5.223175
3.059090 6.082372 13.575116
10.178656 12.372828 8.501895
-7.356227 9.734152 -7.049809
5.695177 11.347599 -1.809109
1.673368 6.832392 -11.019946
11.598462 8.826278 5.962262
6.017532 15.332097 -1.055941
-2.526110 0.552372 7.767971
3.810369 13.304041 6.232816
-8.430899 4.834918 3.295635
10.316128 20.403689 8.305855
6.292637 0.232987 1.922032
9.069757 0.935368 -7.650681
4.649331 12.257836 5.426070
-5.942659 0.132534 6.237478
-3.022357 20.459444 7.654968
6.269197 18.670599 2.069998
-5.591600 8.452870 6.488306
-3.681883 17.981752 -9.985109
-9.341538 11.774015 -2.597746
-5.300240 16.795643 6.676974
0.891601 5.618652 -4.813660
1.234015 18.201359 -4.807794
-5.983039 14.196862 6.206870
4.677443 18.872331 -3.222312
11.240960 11.409455 -4.670414
6.276525 12.018991 -0.040967
2.884598 10.326888 13.626585
-5.214297 13.676053 6.729458
-3.290488 4.092489 7.580145
4.422771 11.238173 -3.465208
-6.568057 5.630848 5.718182
11.713430 19.395776 -3.637612
5.773585 9.216291 3.689608
-2.215949 11.909410 7.822217
3.345658 11.478272 -10.789441
12.348737 3.392065 -1.529706
4.885269 20.247781 5.144401
4.360262 15.536220 5.734460
-2.794131 13.903028 -10.362080
-5.843131 1.605470 -8.602024
5.401853 18.642323 -2.317356
-7.577549 9.841640 -6.757584
5.908767 6.320386 -9.904899
-0.387200 6.105466 7.893504
12.238151 7.753423 -2.016072
0.828081 10.647359 7.702500
-6.530001 0.953790 -7.977970
-0.786445 5.697255 -10.895169
-9.441084 7.629948 -0.168088
4.046598 2.848819 -3.773108
5.355413 2.940809 -2.388073
-5.764837 19.648050 -8.666336
-5.727161 10.513633 -8.696830
-6.626265 7.686899 5.664529
5.593967 11.673615 4.057836
2.558769 14.007083 -4.554705
-5.711666 10.436776 -8.709286
0.802539 4.765056 7.708582
-8.169535 7.928703 -5.846282
5.996332 8.789271 3.130537
6.724017 14.031918 -9.468434
-6.149298 1.547638 6.076801
10.023598 3.793815 -6.572085
3.436953 3.207424 -4.167608
9.608191 7.368303 -7.074468
7.460440 14.344249 11.316411
4.333347 18.325574 -3.543530
6.719193 14.927147 11.848729
7.190943 20.027610 -9.178728
-6.269722 9.035887 -8.227869
-2.632786 12.673151 7.746424
10.474194 19.934207 8.070679
10.633688 3.195804 7.821743
12.181971 15.698412 -2.233541
-6.193456 10.285432 6.041131
6.002994 13.952857 -9.858687
4.714587 7.925127 -3.184218
5.913735 15.199385 -1.331359
-6.875374 20.812202 5.423332
11.286357 13.439005 6.647808
4.992566 18.704497 5.005781
10.885696 0.766617 -5.311529
-4.672907 10.279890 7.029159
7.172778 1.932057 11.532028
5.714988 5.398467 3.816046
-7.203259 1.733446 5.074264
-5.755293 8.136047 -8.674088
-9.466859 19.533435 -0.550262
3.823296 1.208381 6.222235
1.416893 2.700021 -4.794749
6.282955 8.591176 -0.001443
-8.923169 14.850561 -4.207480
6.132967 13.742305 2.688342
0.904767 19.760384 -4.813884
7.770474 14.548920 11.070203
1.296454 1.465391 -4.804115
6.825208 11.320190 11.777152
6.306172 15.528170 1.824614
4.861075 6.305913 5.174693
-6.490749 2.371867 -8.016795
12.240384 2.706873 -2.007081
12.305946 8.845867 3.738593
0.540732 7.056077 14.088431
7.253540 2.186016 11.472693
-5.903395 14.366251 6.266881
12.371097 4.533843 -1.418762
4.400081 4.186914 -3.485404
12.602289 9.695722 0.693986
12.423568 3.459324 -1.134759
11.379655 4.739921 -4.392544
4.033229 8.352182 -3.783061
-4.023352 13.927565 7.323980
-1.901252 17.967455 7.864630
4.339016 4.724888 13.118804
6.045299 18.468343 -9.837592
5.144981 1.484964 -2.682961
3.795832 3.140307 -3.949612
4.415201 12.602563 -3.471971
-1.281579 7.038949 7.911447
2.756431 5.934209 6.949709
4.848313 10.831139 5.190534
5.864214 3.983361 12.375562
-7.066800 16.356835 5.224224
-3.158686 9.755619 -10.218732
12.596071 13.422934 1.495653
0.411297 13.174585 7.790385
6.223821 16.757709 -0.318929
0.337998 10.810562 -4.771156
4.072085 19.953471 -3.753954
-9.189673 2.198060 1.312445
2.096025 15.679833 -10.985935
5.189583 1.610232 4.730980
6.846440 15.287354 11.762642
1.937910 11.601565 -4.719635
5.316642 6.560186 -2.445437
6.349900 18.232592 1.364504
2.701422 18.509032 -10.908818
-5.064378 16.173038 6.817700
0.096129 16.348308 14.130037
-9.382036 17.343289 -2.338283
3.485760 1.733023 13.438662
6.360971 0.421498 0.967753
-7.282398 19.451902 4.984008
12.133593 17.872267 4.427896
-8.965640 0.158902 -4.084676
11.326708 15.544557 6.564821
4.743638 8.742524 -3.153913
-2.612302 15.786897 7.750677
5.022308 5.933594 -2.838227
4.601121 11.189014 5.480114
1.273428 11.624994 -4.805565
1.248515 19.872454 7.588908
2.607369 4.907120 13.703290
5.900087 9.214834 3.390147
-4.380285 20.195873 -9.617696
-9.389590 20.279017 0.288802
6.304907 17.494124 1.834192
-1.250031 5.338712 7.912536
-9.448434 5.726021 -0.256450
-8.078815 6.977961 -6.000806
1.696984 15.287370 -4.761389
-5.255718 13.658677 6.704339
-9.453306 12.953600 -1.669291
7.271028 15.742330 -9.125899
8.621312 12.222175 10.311562
4.640129 5.536723 5.436471
-3.900791 10.495712 -9.877064
-7.948672 19.046034 4.108552
7.873790 14.292531 10.984795
-8.852261 2.777736 2.367679
2.604217 9.580894 -4.539271
-5.035348 11.800115 -9.208362
0.139117 14.757498 7.834993
-2.296202 13.817846 7.809373
11.952061 18.087300 -2.992648
1.907119 6.994577 -11.003142
3.179674 6.005585 -4.301292
10.717225 17.985046 -5.586503
-8.537230 4.786290 3.086110
3.219171 12.002049 -10.815957
5.785013 18.890890 -1.626007
-7.697492 2.100904 -6.589527
9.130382 12.348085 -7.589541
12.269508 17.517655 -1.887017
6.763566 7.790687 -9.445070
7.487602 6.095043 -8.978201
-9.412295 12.280777 -2.104944
0.706949 11.824431 7.730529
-8.873803 6.482700 -4.343998
-9.457951 7.719875 -0.389974
-9.018645 13.697134 -3.923477
12.049680 7.026077 -2.691480
-4.659404 18.844246 7.035982
6.342496 10.739690 1.474126
6.084131 11.905403 2.859286
4.499070 13.658815 5.590955
9.886945 11.375937 -6.743594
11.018739 15.976281 7.163945
-9.080452 17.359265 1.705126
-1.198064 8.303933 7.914055
6.360725 2.566912 0.928601
0.877013 9.590671 7.690591
-3.749634 7.443013 7.428746
-9.465068 14.320255 -0.513693
-8.790379 15.833154 2.522961
3.436441 11.129748 -4.167892
6.280293 2.228773 -0.017999
-6.647923 17.112588 -7.858769
5.099502 13.735219 -2.741822
0.682953 11.118738 -11.036267
11.278651 8.410736 -4.596639
-9.062274 1.082512 1.764560
-2.996629 13.685811 7.661634
-7.514172 7.755620 -6.843534
8.959683 1.131197 -7.759452
12.031934 18.295661 4.772844
-4.329453 10.359713 -9.646728
6.277775 17.724657 -0.033409
6.056578 3.794918 -0.940387
7.812649 0.553076 -8.742694
-8.677619 16.512003 -4.833551
-8.592461 10.904769 2.971641
-5.420789 6.704963 -8.934319
2.745173 7.674134 13.665934
3.868059 3.976163 13.303279
1.982044 9.980047 7.326400
9.591859 15.990480 -7.093114
2.683775 13.782085 6.989871
5.321982 5.523513 4.529057
6.579410 17.197091 -9.552075
-6.418809 10.876129 5.851360
-6.600085 10.772553 -7.907597
4.497826 19.062905 -3.396782
2.651175 9.883132 13.691580
4.033104 10.763086 6.043300
0.533385 13.642279 -4.793619
-4.930759 13.052890 6.892897
-6.592317 12.491886 5.695939
0.822510 18.840344 7.703835
-7.494071 19.789366 -6.870402
-9.312653 16.729880 0.758596
-9.387291 15.753175 0.305390
9.662675 10.857349 9.176854
-2.338523 15.242035 7.802265
1.265517 7.147394 -4.806038
5.477042 5.338877 -10.103258
4.964705 8.678628 -2.907462
3.791209 6.466379 -3.952670
10.771265 11.598910 7.596622
-6.628634 15.957737 -7.878536
12.521688 6.830204 2.454072
5.983997 5.218885 -1.149494
12.582543 6.142506 0.229945
2.019828 19.396481 13.845757
3.753771 1.657597 -3.977189
9.496818 20.826681 9.375994
1.773693 5.023241 -4.749414
-9.444340 4.923489 -0.206001
12.565994 11.021481 2.000603
5.655771 19.514652 3.937349
5.293291 14.570791 4.574135
-0.569262 9.917409 7.905397
-1.021199 20.591110 -10.853829
0.106610 6.006271 7.839659
4.218685 2.826292 5.872896
-7.928276 7.957887 -6.244101
7.774676 11.269534 11.066762
10.500673 2.090003 -5.917394
0.849062 10.858345 -4.812691
6.487806 5.377115 11.999988
3.244448 9.882064 6.650975
-7.168418 3.223243 5.113221
5.994514 19.067266 -1.120674
-4.565955 8.033988 7.082368
6.331867 11.333750 0.381352
-7.871501 8.109408 -6.331988
3.890389 0.258306 13.294979
-8.354983 10.426704 -5.508939
12.335220 17.240300 -1.594360
8.673649 13.449667 10.260472
-5.255469 11.880617 6.704491
-3.161016 9.569827 -10.217766
4.002363 5.534773 -3.805802
0.941150 7.397007 -4.814314
4.681920 18.127901 -3.217759
-4.553113 16.917074 7.088629
6.831171 11.923594 -9.404639
2.578757 11.964616 -4.547975
-9.035205 13.686675 -3.871097
-8.998737 13.404680 1.961892
0.608893 7.219706 -11.033914
11.835142 16.539058 5.357989
6.009120 20.198223 -1.079869
-7.161539 9.114252 -7.289814
10.215267 18.407355 -6.320135
6.629773 9.852768 11.907981
6.315753 13.246774 -9.697526
6.319472 1.016070 1.716191
11.241378 11.573554 6.738596
0.146525 10.867650 -11.007909
6.250236 14.051126 2.176104
-8.473321 13.663218 3.213656
0.949817 1.069876 7.672239
11.562641 7.251425 -3.995887
11.907827 0.277218 5.152426
12.329921 13.388698 -1.619243
-9.449036 4.445467 -0.264169
5.686253 15.864549 -1.826459
6.057384 15.078861 -0.937916
11.571596 11.377832 6.025639
-3.869503 17.746297 7.384232
0.957551 3.354601 -4.814418
0.656458 19.062937 7.741605
11.801241 0.659461 -3.412950
8.951247 5.774731 -7.767671
1.766875 0.000948 -11.013819
11.216130 10.438302 6.788795
9.044330 15.572931 9.881944
2.132426 18.322228 7.261736
10.722640 8.819458 7.677354
10.979186 3.366536 7.235720
-6.015493 12.033199 6.181995
-2.740864 2.072169 7.723072
-7.121779 15.801451 5.164644
-5.046000 13.080448 6.828233
-1.665482 15.198186 -10.712648
4.134980 6.099173 5.951243
5.141416 14.366838 4.800808
4.273772 5.850918 5.819940
-8.388508 5.310401 -5.444494
-4.420982 8.081948 7.151491
5.389028 2.310966 -2.337111
11.558304 5.990903 -4.005739
-4.762073 13.646439 -9.387317
-4.227777 11.889813 -9.703684
-9.384483 0.326567 -2.320957
0.089274 12.664099 -4.730417
-1.893278 0.683126 7.865541
-1.264246 5.631371 7.912061
-8.269468 15.083087 -5.668338
-2.463032 4.592495 7.780012
3.781943 15.975827 -10.686234
-2.388672 0.589533 -10.503786
10.302861 0.960605 -6.200226
8.487730 0.223630 -8.195304
12.490702 11.290933 2.700507
-4.283384 14.779490 -9.672717
4.454798 15.698878 -10.490463
2.465893 19.500968 7.104086
1.995418 2.424583 -4.707863
1.359783 18.007123 7.554489
-8.100302 11.033858 -5.964775
6.266078 4.766561 2.088166
5.487278 2.212815 -10.098803
5.660601 18.457234 3.927680
8.487262 2.327539 -8.195713
-9.267916 20.334344 -2.983110
4.401299 10.952863 -10.507693
1.558258 12.005402 -4.779941
-4.897795 16.771448 6.910959
-6.661984 7.393547 -7.844293
-4.659166 10.065193 7.036102
11.829546 4.478084 -3.337627
5.814999 19.530511 -1.561119
-8.906371 3.514746 2.224645
7.968354 13.169249 10.905088
-6.568544 0.488099 5.717737
7.604655 10.156884 11.203727
-6.185472 9.173475 -8.305101
-4.192978 5.953638 -9.722839
-9.372641 6.761703 0.406384
11.287445 11.255182 -4.579247
-9.428571 3.716411 -1.956061
3.372452 14.181879 6.563639
6.104091 17.499706 2.791493
6.300571 18.885840 0.116315
12.599469 10.130094 1.400643
-7.672492 13.562952 -6.625160
-1.426755 2.746610 -10.769768
12.593302 3.186162 0.433081
11.725265 13.144914 -3.608082
-1.090520 5.194157 -10.840603
7.772332 1.711050 11.068682
6.206655 16.943484 2.389273
-5.136204 8.758529 6.775942
11.879596 10.595708 -3.200608
-8.956095 5.726779 -4.112740
3.711245 9.350794 6.312318
4.776573 11.423999 -3.119001
4.680113 18.816831 5.390973
0.416480 20.264473 7.789439
2.072573 6.123811 -4.690965
0.324845 9.545072 7.805632
10.993090 5.638427 -5.127178
10.009935 18.738577 8.732611
8.666278 11.317984 10.267701
1.803366 10.681673 7.398271
4.715900 10.836992 -10.402139
3.338909 15.517232 -4.220671
12.197792 6.370355 -2.173928
6.224489 19.643930 -0.315793
1.678425 1.799040 13.916287
-6.061337 3.142752 6.146437
0.864804 19.563826 -11.039929
-4.030305 9.094592 -9.810144
-9.400197 15.269908 0.209220
-5.943304 3.954899 6.236991
-6.412860 17.987887 -8.092616
5.041076 8.140508 -2.815179
-5.451821 17.071994 6.580930
3.852733 2.412033 -3.911404
6.122851 17.814484 -0.723923
6.358898 4.200587 1.151967
9.202640 9.823108 -7.515493
0.090643 13.255274 -4.730679
2.449599 8.908099 -4.589861
2.827704 3.323299 13.642831
5.478460 16.751539 12.585966
3.849981 8.612443 -3.913276
0.477681 2.039969 7.777990
12.513523 15.072793 2.522915
-9.324920 19.852810 -2.692590
5.936365 13.610154 3.296091
10.280309 13.481963 8.357667
-7.426167 17.614268 -6.959817
7.897466 15.407911 -8.678383
0.474768 15.556206 7.778546
7.219124 13.845168 11.498090
-0.964471 1.671433 -10.864306
-7.667776 0.029584 4.505558
-8.356782 0.234030 3.434124
6.241130 6.496481 -0.234987
5.674682 1.066451 3.899268
10.652539 7.906488 -5.687855
-7.768357 1.094757 4.368653
-3.682580 16.072682 -9.984775
2.151685 3.285123 13.816126
3.898557 19.782902 6.159633
4.462188 8.194217 5.629875
11.366001 2.506268 -4.420705
-8.967991 8.390803 2.052235
6.303084 15.392310 1.847821
2.505393 4.380601 -4.572231
3.788438 18.984949 -3.954500
-5.257754 15.729121 6.703096
-8.376276 8.407765 -5.468142
4.567861 2.031248 5.516759
-9.256339 5.624636 -3.036926
4.829277 6.962135 5.213989
5.701290 3.377998 3.844653
6.350668 9.021549 1.351263
-7.841910 2.227816 -6.377013
-8.483589 20.586379 3.193500
-9.080315 12.840861 -3.722897
2.806632 9.187786 -10.891973
-0.724248 1.827696 -10.905236
1.694965 19.035268 7.439320
3.689073 6.789694 -4.018523
3.620367 18.001691 -4.061011
-6.966534 6.457501 5.330087
2.484912 8.097497 -4.578784
10.780967 6.007197 7.580356
-8.990273 9.947517 -4.010930
-7.913564 10.934876 -6.267069
5.831732 12.143956 3.556923
4.148258 4.741908 -10.585259
-5.661359 17.785547 6.440576
11.651805 11.035525 5.833569
-9.362948 14.550593 0.469266
-4.138988 19.740272 7.276344
6.646934 3.227118 11.896688
-6.680564 16.780897 5.613581
-7.019387 8.959922 -7.456045
3.002103 16.785340 6.805833
-0.496814 5.788899 -10.938912
-8.646300 9.338897 -4.905251
-5.362887 19.514422 -8.977186
6.195442 3.749201 -0.445338
2.070927 4.817347 -4.691338
12.266187 9.519873 -1.900978
-8.818641 10.258462 -4.489543
10.961110 10.122023 7.268170
-4.725435 7.822046 -9.410395
8.280467 2.731287 -8.372293
12.560600 9.790107 2.066198
0.099549 3.855556 -11.004170
-7.636371 12.959872 4.547200
-7.443335 2.582258 -6.937404
3.023991 16.415914 13.585669
0.397996 17.269925 -4.778934
11.618206 13.527420 5.915083
8.756073 3.693739 10.178866
0.488531 9.652425 -4.789192
6.044303 0.250591 -0.977549
12.131634 10.199293 4.434895
4.273834 7.562263 -3.593809
10.459711 12.341515 -5.977402
4.392100 14.553195 -3.492455
10.602854 8.747002 7.870838
2.068528 13.577480 -4.691882
4.150407 15.410801 13.195076
4.383626 0.830147 5.710863
5.368079 13.035360 -2.369008
-4.530451 13.979978 -9.529714
2.848165 12.630412 -4.448207
-8.538296 8.582014 3.083938
4.903552 12.955111 12.870707
12.216799 18.579997 -2.100666
12.603750 18.317582 1.231434
5.706038 2.732956 3.834778
1.715163 19.876609 -4.758662
-6.746196 8.885526 5.550811
-9.295114 4.804093 0.848423
-6.058284 12.310385 6.148820
7.803103 12.976360 11.043415
5.241160 16.978973 4.654130
2.485445 16.963671 -10.940192
12.345203 16.039515 3.554411
8.347829 8.954662 -8.315679
3.208028 0.731832 -4.287429
12.376786 3.863500 3.395616
4.599672 0.149588 -3.299784
6.334455 17.960966 0.408805
-3.457400 7.234765 -10.089501
-7.523455 8.212736 -6.831064
-9.473730 9.149859 -1.254573
-9.397996 16.136878 -2.220806
0.982606 17.089949 7.663727
6.172392 3.501148 -0.539809
2.824976 10.937583 6.910838
6.270059 2.326653 -0.079173
-7.505919 17.271986 4.714884
-3.237549 18.189137 7.595698
3.548673 6.331725 -4.103842
-3.821851 11.036850 -9.916751
11.635739 8.635373 -3.826185
12.571549 17.199733 0.067371
7.665417 18.243464 -8.851484
-6.332240 13.600199 -8.169433
-9.193536 18.005842 1.297208
-9.227650 17.005839 1.157620
12.389276 18.321776 3.329746
4.145909 16.476065 5.941155
1.520650 17.143135 -4.784283
-2.362067 14.432309 7.798211
-9.451328 6.022318 -1.696559
11.271413 18.808731 -4.610905
-6.196202 10.022297 -8.295360
6.327289 6.806116 1.644122
3.390193 7.719886 -10.779743
-6.345726 6.797073 5.914354
3.932107 11.063665 6.131165
12.306408 19.213432 -1.726784
-4.529805 6.048888 7.099924
-6.931501 13.011546 -7.555303
5.956919 5.158356 -1.221681
-3.318363 11.657746 -10.151003
11.121029 10.472734 6.973223
4.578310 5.684278 5.505302
12.021871 20.830460 4.805161
-6.090715 17.555663 6.123386
3.969024 3.360435 6.099429
5.974037 1.577256 3.193687
1.413955 9.020737 7.537054
9.936231 14.704904 -6.682480
-8.062524 10.995524 3.933492
-2.745249 5.774922 7.722092
9.426890 7.830276 9.457640
-8.852477 6.271923 2.367122
3.530783 6.131942 13.423370
1.210896 18.292099 7.600125
8.546132 16.863551 10.383986
6.341931 14.524912 1.481488
4.813908 10.544116 -10.367152
-2.882796 10.463184 7.690056
6.093337 12.367662 2.828347
-6.977895 14.764541 5.318269
11.075422 7.460519 -4.980578
12.511432 17.944713 -0.541280
-4.279107 16.378164 7.215867
-8.306137 4.678251 3.525532
3.507848 11.071812 6.466832
6.061610 6.211640 -0.924914
2.361690 13.595256 7.155520
4.309760 20.019625 13.130848
2.018475 11.293848 -4.702946
0.307931 20.587474 -4.766961
7.137128 4.433994 -9.213698
4.936237 2.383596 -2.940869
2.207178 3.721462 -10.974293
1.394568 17.541231 -4.796711
4.584295 7.972710 -3.314746
-6.693138 16.288010 -7.812014
2.276155 5.129033 7.196249
-8.583488 11.069616 2.990520
0.903410 8.093497 14.043901
7.151933 12.189154 -9.204119
6.168169 8.120430 2.552918
-4.424893 0.924103 -9.591908
12.596436 13.014440 1.486334
2.600869 13.051510 13.705015
4.532345 6.397139 13.037229
-6.140254 2.195717 6.084047
9.747074 19.247349 -6.912667
-4.116967 20.509776 7.285573
